CRID	Latitude	Longitude
1039179	41.72858	-87.643846
1043926	41.736271	-87.625444
1043930	41.782005	-87.625699
1043945	41.74142855	-87.6510627
1043958	41.898823	-87.750172
1043964	41.87152784	-87.70599877
1043975	41.760164	-87.647056
1043981	41.873568	-87.715658
1044016	41.738801	-87.668
1044017	41.751286	-87.605215
1044026	41.888269	-87.722552
1044072	41.779465	-87.664221
1044074	41.84680058	-87.63719087
1044140	41.87378564	-87.74992639
1044141	41.691694	-87.668627
1044143	41.87160344	-87.7278045
1044172	41.75307	-87.576839
1044192	41.90746383	-87.63744904
1044205	41.867488	-87.714421
1044236	41.73647614	-87.54185761
1044287	41.77431599	-87.64459275
1044290	41.879779	-87.768181
1044291	41.89814353	-87.72128663
1044310	41.84786402	-87.72710576
1044315	41.790117	-87.66718
1044341	41.76338157	-87.64921803
1044351	41.723949	-87.604822
1044355	41.762699	-87.642967
1044368	41.80151273	-87.63817178
1044389	41.8866083	-87.76997909
1044475	41.702404	-87.681095
1044490	41.752248	-87.658634
1044497	41.67822115	-87.64913797
1044510	41.78044692	-87.68593081
1044515	41.746839	-87.654852
1044539	41.86629	-87.715421
1044543	41.776949	-87.664152
1044547	41.75253809	-87.641663
1044551	41.893554	-87.756424
1044559	41.750865	-87.629495
1044564	41.70383117	-87.61100951
1044575	41.71469287	-87.60909886
1044605	41.90859558	-87.76076524
1044613	41.761934	-87.643915
1044615	41.814693	-87.622981
1044616	41.909349	-87.652483
1044624	41.907849	-87.72469
1044625	41.742619	-87.651097
1044655	41.887	-87.721362
1044662	41.77194037	-87.60048047
1044664	41.752304	-87.644085
1044667	41.783648	-87.606
1044668	41.765317	-87.649518
1044670	41.750514	-87.652527
1044682	41.749124	-87.605437
1044720	41.784144	-87.610566
1044731	41.88485404	-87.73069414
1044764	41.88225812	-87.74043731
1044773	41.76338157	-87.64921803
1044774	41.77431599	-87.64459275
1044776	41.779651	-87.660835
1044790	41.754471	-87.562955
1044806	41.81585517	-87.669733
1044808	41.83704371	-87.71117923
1044863	41.74115132	-87.67032601
1044865	41.75594	-87.64418
1044882	41.900889	-87.721373
1044883	41.735028	-87.656962
1044885	41.750364	-87.559218
1044886	41.786698	-87.645238
1044891	41.778168	-87.606136
1044898	41.884043	-87.726652
1044906	41.801828	-87.630708
1044914	41.710707	-87.644894
1044916	41.78663501	-87.65953826
1044921	41.77401236	-87.66407321
1044922	41.878406	-87.73708
1044928	41.770231	-87.656974
1044942	41.764607	-87.668147
1044960	41.74875	-87.67087
1044990	41.75782	-87.585447
1044997	41.752021	-87.577488
1045012	41.876656	-87.765845
1045039	41.799094	-87.69368434
1045062	42.01190201	-87.69593929
1045082	41.756431	-87.605695
1045097	41.90845297	-87.77055367
1045112	41.85636	-87.708405
1045163	41.779628	-87.653288
1045171	41.773649	-87.664399
1045180	41.74902879	-87.55011568
1045183	41.768086	-87.614353
1045240	41.777592	-87.703105
1045243	41.773968	-87.597273
1045247	41.903974	-87.626655
1045251	41.999316	-87.671025
1045262	41.89814353	-87.72128663
1045269	41.818451	-87.63281
1045297	41.798389	-87.628606
1045305	41.744759	-87.657475
1045318	41.779651	-87.660835
1045335	41.769939	-87.682842
1045347	41.757443	-87.644484
1045380	41.873699	-87.704716
1045394	41.765108	-87.590969
1045399	41.903792	-87.638445
1045410	41.900053	-87.711884
1045413	41.94577928	-87.77406926
1045428	41.75588353	-87.55461559
1045430	41.754922	-87.646579
1045456	41.806064	-87.657887
1045459	41.874637	-87.746569
1045463	41.780961	-87.666928
1045472	41.792979	-87.782173
1045498	41.868763	-87.71062
1045513	41.777455	-87.669388
1045518	41.70558	-87.54012
1045538	NA	NA
1045539	41.774407	-87.712452
1045586	41.897956	-87.655475
1045599	41.752304	-87.644085
1045608	41.735969	-87.650916
1045609	41.87864661	-87.70306431
1045620	41.761181	-87.654218
1045627	41.990173	-87.658557
1045628	41.754662	-87.604906
1045631	41.854405	-87.725233
1045646	41.767893	-87.64351
1045653	41.758713	-87.659166
1045678	41.87633	-87.729547
1045702	41.756826	-87.599221
1045707	41.768203	-87.664196
1045712	41.835982	-87.645865
1045800	41.966048	-87.728164
1045801	41.740024	-87.562406
1045808	41.859987	-87.734336
1045810	41.758732	-87.564225
1045811	41.888303	-87.738185
1045812	41.871499	-87.725675
1045833	41.885141	-87.702337
1045836	41.82996605	-87.64110243
1045844	41.702774	-87.56202
1045861	41.799439	-87.651569
1045899	41.77734	-87.663188
1045913	41.783112	-87.646351
1045937	41.893095	-87.756959
1045941	41.790513	-87.715737
1045953	41.929376	-87.749724
1045954	41.88485404	-87.73069414
1045955	41.85636	-87.708405
1045997	41.685948	-87.633715
1046014	41.75276722	-87.62467123
1046015	41.80968	-87.593264
1046023	41.764874	-87.637412
1046035	41.774295	-87.644644
1046039	41.79011398	-87.67185932
1046043	41.82833689	-87.69731896
1046066	41.888738	-87.717388
1046089	41.78300274	-87.67169559
1046120	NA	NA
1046124	41.76262402	-87.59010601
1046152	41.741281	-87.648926
1046173	41.736643	-87.605308
1046175	41.703751	-87.625849
1046208	41.84611	-87.702789
1046213	41.99724	-87.820414
1046249	41.799886	-87.697934
1046257	41.746771	-87.64419
1046260	41.777016	-87.747683
1046261	41.839875	-87.701526
1046267	41.894932	-87.711615
1046274	41.87378564	-87.74992639
1046293	41.80151273	-87.63817178
1046294	41.880666	-87.730674
1046295	41.755005	-87.601686
1046301	41.714543	-87.573787
1046320	41.830881	-87.636193
1046327	41.77901233	-87.57797961
1046329	41.746559	-87.653873
1046354	41.873699	-87.704716
1046356	41.769717	-87.584437
1046360	41.780062	-87.614406
1046361	41.907824	-87.734456
1046362	NA	NA
1046375	41.91856	-87.764709
1046377	41.94577928	-87.77406926
1046383	41.707305	-87.62772
1046384	41.869851	-87.624763
1046386	41.738139	-87.646832
1046395	41.873699	-87.704716
1046397	41.824037	-87.632626
1046401	41.854729	-87.723817
1046438	41.68519	-87.633686
1046472	41.718358	-87.649495
1046484	41.796532	-87.604222
1046486	41.745445	-87.558847
1046512	41.758849	-87.622584
1046538	41.986276	-87.786008
1046548	41.868763	-87.71062
1046553	41.873699	-87.704716
1046574	41.866732	-87.701008
1046575	41.98995652	-87.72872948
1046577	41.759753	-87.643505
1046586	41.751701	-87.56867
1046639	41.769203	-87.656931
1046653	41.76671	-87.656939
1046660	41.920028	-87.709008
1046670	41.792252	-87.644247
1046684	41.953183	-87.703346
1046696	41.723949	-87.604822
1046700	42.00178214	-87.66741264
1046711	41.871739	-87.699845
1046723	41.919133	-87.71512
1046726	41.760218	-87.682101
1046737	41.898839	-87.747533
1046765	41.808078	-87.634898
1046785	41.783297	-87.62419
1046795	41.788471	-87.648933
1046801	41.778093	-87.645839
1046813	41.902372	-87.773238
1046835	41.741464	-87.648636
1046845	41.903177	-87.69616
1046846	41.92282	-87.745927
1046899	41.75409358	-87.60568904
1046904	41.752151	-87.643683
1046907	41.765057	-87.654116
1046937	41.858959	-87.716426
1046940	41.891145	-87.760503
1046941	41.6714287	-87.60954144
1046946	41.801334	-87.663559
1046948	41.795819	-87.667672
1046949	41.79762476	-87.65496442
1046950	41.85601854	-87.73222097
1046951	41.74902879	-87.55011568
1046980	41.756306	-87.631023
1046984	41.879779	-87.768181
1046986	41.74162575	-87.63422919
1047006	41.7178	-87.531643
1047023	41.696408	-87.630209
1047032	41.768535	-87.66513
1047044	41.826671	-87.670545
1047073	NA	NA
1047074	41.900868	-87.72381
1047092	41.7693714	-87.61830029
1047098	41.775452	-87.60367
1047100	41.872089	-87.710868
1047128	41.7693714	-87.61830029
1047141	41.93152079	-87.74783325
1047163	41.773713	-87.665547
1047165	41.778989	-87.708784
1047188	41.736331	-87.646175
1047189	41.903773	-87.639506
1047193	41.766833	-87.605623
1047194	41.744268	-87.580719
1047197	42.01190201	-87.69593929
1047220	41.86629	-87.715421
1047233	41.91856	-87.764709
1047236	41.757255	-87.560021
1047237	41.765318	-87.637122
1047249	41.836529	-87.651328
1047253	41.879719	-87.701168
1047264	41.910077	-87.643736
1047283	41.868763	-87.71062
1047300	42.01251	-87.681843
1047304	41.710707	-87.644894
1047316	41.894833	-87.766802
1047340	41.837504	-87.646622
1047353	41.88742436	-87.75042738
1047399	41.750926	-87.625824
1047402	41.90845297	-87.77055367
1047432	41.80466	-87.677023
1047437	41.94577928	-87.77406926
1047440	41.94577928	-87.77406926
1047448	41.794	-87.620084
1047453	41.87144615	-87.73881348
1047459	41.899287	-87.758963
1047473	41.750369	-87.662882
1047505	41.745992	-87.549436
1047508	41.749938	-87.674973
1047511	41.892359	-87.770053
1047513	41.801233	-87.674507
1047530	41.84552485	-87.68263289
1047532	41.751864	-87.665439
1047544	41.76431173	-87.563591
1047548	41.872761	-87.723019
1047549	41.722904	-87.661159
1047565	41.74504	-87.567351
1047568	41.746559	-87.653873
1047569	41.917776	-87.687744
1047578	41.89770165	-87.7507719
1047585	41.852521	-87.646777
1047602	41.766833	-87.605623
1047616	41.74559	-87.658002
1047625	41.712277	-87.611032
1047639	41.737306	-87.66336
1047651	41.769348	-87.614921
1047657	41.903251	-87.643574
1047670	41.896089	-87.723133
1047672	41.710958	-87.645672
1047674	41.780282	-87.613206
1047676	41.68677	-87.64012
1047677	41.74639095	-87.61023945
1047693	41.880201	-87.692523
1047711	41.941957	-87.811928
1047712	41.779465	-87.664221
1047716	41.755481	-87.669819
1047729	41.768819	-87.645726
1047735	41.91271841	-87.79063327
1047737	41.801828	-87.630708
1047739	41.692827	-87.605031
1047745	41.896976	-87.75109
1047755	41.72424275	-87.64167289
1047759	41.734883	-87.631664
1047773	41.787394	-87.645754
1047783	41.773056	-87.610629
1047784	41.78698767	-87.63779307
1047800	41.804643	-87.720068
1047807	41.779383	-87.669079
1047808	41.914433	-87.774879
1047809	41.7077385	-87.64590687
1047815	41.801563	-87.633433
1047824	41.710707	-87.644894
1047849	41.800448	-87.624681
1047851	41.92300479	-87.69248021
1047866	41.752304	-87.644085
1047901	41.964699	-87.708355
1047904	41.830636	-87.623783
1047926	41.749046	-87.673882
1047929	41.752461	-87.581779
1047936	41.751468	-87.588128
1047941	41.770681	-87.65821
1047942	41.77386539	-87.67388971
1047944	41.949024	-87.655594
1047964	41.747144	-87.601429
1047967	41.749416	-87.668269
1047985	41.752304	-87.644085
1048027	41.74115132	-87.67032601
1048034	41.750125	-87.663734
1048038	41.747469	-87.655155
1048064	41.770444	-87.676209
1048077	41.902461	-87.752638
1048079	NA	NA
1048085	41.837504	-87.646622
1048088	41.733307	-87.550328
1048097	41.87152784	-87.70599877
1048101	41.692827	-87.605031
1048102	41.879779	-87.768181
1048110	41.71469287	-87.60909886
1048117	41.932029	-87.707427
1048121	41.89655531	-87.7703173
1048127	41.744759	-87.657475
1048160	41.749753	-87.601119
1048173	41.770815	-87.650837
1048177	NA	NA
1048180	41.783909	-87.606005
1048214	41.83381608	-87.72893896
1048257	41.87378564	-87.74992639
1048281	41.77403335	-87.63340855
1048293	41.704851	-87.627859
1048297	41.785836	-87.673082
1048306	41.777291	-87.635307
1048316	41.884386	-87.750317
1048322	41.802177	-87.610752
1048328	41.746553	-87.656315
1048351	41.747646	-87.64541
1048361	41.73891	-87.732067
1048371	41.691694	-87.668627
1048413	41.711269	-87.645377
1048425	41.759363	-87.593548
1048450	41.881051	-87.726864
1048455	41.779448	-87.635352
1048482	41.883745	-87.773341
1048486	NA	NA
1048495	41.725097	-87.60182
1048502	41.77194037	-87.60048047
1048515	41.780304	-87.611953
1048526	41.883979	-87.726643
1048530	41.808281	-87.694205
1048554	42.014239	-87.679048
1048556	41.744235	-87.558454
1048585	41.796949	-87.72379
1048591	41.707066	-87.631302
1048592	41.76968445	-87.58373152
1048608	41.808192	-87.684742
1048626	41.755658	-87.644417
1048627	41.76306238	-87.67122688
1048651	41.778129	-87.631797
1048690	41.700697	-87.528175
1048695	41.78663501	-87.65953826
1048696	41.779655	-87.659455
1048721	41.83634	-87.651907
1048743	41.882147	-87.735481
1048749	41.874922	-87.749216
1048770	41.87382201	-87.76950132
1048809	41.74639095	-87.61023945
1048834	41.745463	-87.605343
1048845	41.69204	-87.642718
1048850	41.794203	-87.667186
1048851	NA	NA
1048854	41.761905	-87.609554
1048882	41.70383117	-87.61100951
1048888	41.884386	-87.750317
1048895	41.768725	-87.66419
1048904	41.772909	-87.671568
1048915	41.968452	-87.708472
1048917	41.78285867	-87.60901141
1048919	41.728264	-87.549823
1048921	41.743007	-87.668107
1048924	41.779651	-87.660835
1048936	41.751302	-87.603896
1048941	41.79762476	-87.65496442
1048958	41.85602	-87.682031
1048979	41.691879	-87.663504
1048982	41.859018	-87.711027
1048996	41.750339	-87.664651
1049004	41.75588353	-87.55461559
1049033	41.881937	-87.725707
1049055	41.75463	-87.609203
1049058	41.873965	-87.681345
1049077	41.810088	-87.747768
1049096	41.772859	-87.636151
1049111	41.768203	-87.664196
1049146	41.76361378	-87.63004905
1049152	41.945237	-87.747039
1049154	41.879779	-87.768181
1049187	41.7502	-87.67558
1049192	41.78043	-87.615274
1049200	41.878757	-87.732959
1049206	41.747188	-87.661167
1049208	41.736456	-87.6626
1049209	41.900824	-87.754155
1049215	NA	NA
1049218	42.00178214	-87.66741264
1049229	41.837504	-87.646622
1049250	41.757634	-87.642073
1049265	41.7104	-87.645659
1049275	41.790067	-87.674466
1049280	41.691694	-87.668627
1049286	41.893896	-87.706125
1049316	41.766833	-87.605623
1049362	41.778989	-87.708784
1049363	41.830083	-87.665901
1049368	41.717435	-87.64349
1049389	41.755658	-87.644417
1049392	41.75253809	-87.641663
1049402	41.753007	-87.614018
1049415	41.74639095	-87.61023945
1049416	41.855065	-87.6591
1049421	41.751458	-87.649137
1049430	41.7993	-87.673569
1049434	41.752304	-87.644085
1049454	41.792587	-87.703529
1049456	41.736665	-87.623958
1049474	41.692652	-87.618262
1049477	41.742906	-87.663436
1049496	41.886207	-87.759899
1049519	41.767099	-87.62063
1049525	41.733291	-87.621386
1049528	41.751084	-87.665415
1049533	41.758237	-87.624759
1049552	41.732981	-87.620456
1049567	41.91856	-87.764709
1049587	41.7843	-87.61089
1049597	41.757443	-87.644484
1049619	41.78698767	-87.63779307
1049622	41.773151	-87.604484
1049623	41.893	-87.755528
1049637	41.764909	-87.663796
1049639	41.89640151	-87.71147215
1049680	41.876346	-87.75244
1049694	41.873699	-87.704716
1049701	41.879814	-87.765052
1049704	41.752304	-87.644085
1049738	41.763175	-87.680482
1049739	41.747262	-87.605378
1049760	41.882535	-87.66194
1049763	41.909591	-87.773327
1049779	41.766833	-87.605623
1049816	41.91856	-87.764709
1049819	41.999316	-87.671025
1049831	41.788507	-87.651318
1049872	41.758611	-87.602694
1049887	41.871946	-87.696048
1049896	41.881053	-87.726635
1049905	41.75905	-87.561591
1049915	41.76968445	-87.58373152
1049944	41.801078	-87.665049
1049977	41.752744	-87.554057
1049995	41.752035	-87.565969
1050033	41.72919521	-87.65408251
1050037	41.91609	-87.750722
1050048	NA	NA
1050057	41.75603	-87.649033
1050106	41.711455	-87.534907
1050107	41.740355	-87.601291
1050109	41.90845297	-87.77055367
1050113	41.692827	-87.605031
1050151	41.8785742	-87.69129646
1050152	41.92085382	-87.72422228
1050168	41.90964801	-87.74603586
1050173	41.969939	-87.655234
1050176	41.73444388	-87.55868965
1050179	41.73444388	-87.55868965
1050192	41.87321	-87.759185
1050193	41.873572	-87.757925
1050195	41.692827	-87.605031
1050198	41.88225812	-87.74043731
1050209	41.7755	-87.670431
1050222	41.7693714	-87.61830029
1050225	41.767706	-87.653742
1050235	41.741397	-87.61086
1050257	41.764014	-87.581695
1050260	41.707788	-87.567181
1050283	41.69209	-87.621042
1050292	41.91856	-87.764709
1050293	41.745323	-87.571259
1050294	41.906374	-87.648565
1050308	41.653553	-87.547525
1050321	41.688935	-87.660114
1050324	41.896883	-87.692914
1050330	41.892373	-87.764706
1050333	41.815803	-87.6332
1050337	41.681887	-87.62027
1050338	41.801566	-87.655207
1050351	41.888738	-87.717388
1050365	41.730334	-87.575113
1050377	41.875934	-87.757563
1050382	41.801828	-87.630708
1050385	41.747766	-87.652453
1050398	41.96175146	-87.68758483
1050400	41.769253	-87.610304
1050409	41.895787	-87.708992
1050454	41.999316	-87.671025
1050482	41.980496	-87.805499
1050504	41.74322013	-87.72285585
1050510	41.863225	-87.669377
1050511	41.878414	-87.660556
1050513	41.90119	-87.755312
1050522	41.77403335	-87.63340855
1050565	41.739694	-87.643805
1050568	41.747579	-87.549986
1050581	41.755552	-87.663853
1050583	41.83039	-87.67528
1050592	41.882456	-87.760239
1050607	41.86339608	-87.72757055
1050622	41.78698767	-87.63779307
1050647	41.684782	-87.640982
1050653	41.69698039	-87.70830784
1050679	41.910727	-87.718038
1050682	41.799747	-87.734099
1050684	41.72536	-87.561165
1050685	41.860115	-87.70549
1050704	41.873699	-87.704716
1050718	41.75276722	-87.62467123
1050739	41.893403	-87.636224
1050753	41.702438	-87.619883
1050758	41.804901	-87.672981
1050760	41.82259	-87.70444
1050767	41.7775071	-87.61707643
1050769	41.768439	-87.644653
1050770	41.756067	-87.646608
1050792	41.751286	-87.605215
1050810	41.718874	-87.570997
1050823	41.859012	-87.715957
1050841	41.748652	-87.644236
1050849	41.73846932	-87.61229306
1050897	41.87950437	-87.73053756
1050903	41.737529	-87.643652
1050914	41.776099	-87.603399
1050917	41.870764	-87.749066
1050936	41.778508	-87.665736
1050944	41.765071	-87.652897
1050949	41.777859	-87.6706
1050980	41.75253809	-87.641663
1050988	41.721689	-87.629352
1050994	41.780979	-87.669387
1050997	41.805928	-87.60337
1051023	41.752304	-87.644085
1051026	41.765071	-87.652897
1051027	41.76262402	-87.59010601
1051028	NA	NA
1051030	41.842563	-87.635552
1051038	41.85636	-87.708405
1051044	41.743097	-87.645335
1051045	41.970329	-87.76756
1051050	41.866709	-87.702215
1051052	41.758999	-87.634047
1051056	41.74115132	-87.67032601
1051057	41.889954	-87.626661
1051058	41.82833689	-87.69731896
1051069	41.743739	-87.636287
1051078	41.889809	-87.628411
1051086	41.692827	-87.605031
1051094	41.902015	-87.774186
1051096	41.970291	-87.75898245
1051118	41.76805756	-87.70036901
1051128	41.7867717	-87.64982436
1051133	41.888773	-87.763712
1051135	41.692629	-87.619637
1051147	41.82624	-87.63272
1051178	41.88729	-87.765719
1051205	41.867165	-87.627732
1051214	41.75234012	-87.65620325
1051219	41.86223	-87.727136
1051235	41.758988	-87.566373
1051238	41.923659	-87.787594
1051244	41.726454	-87.54841
1051253	41.74085	-87.551869
1051268	41.871946	-87.696048
1051281	41.90025	-87.770447
1051282	41.745117	-87.594928
1051297	41.779651	-87.660835
1051299	41.73607	-87.643611
1051362	41.96387978	-87.81679514
1051363	41.868763	-87.71062
1051397	41.692827	-87.605031
1051436	41.751701	-87.56867
1051475	NA	NA
1051499	41.778371	-87.663778
1051502	41.779651	-87.660835
1051554	41.770029	-87.672671
1051559	41.750939	-87.548031
1051571	41.76968445	-87.58373152
1051572	41.749876	-87.594436
1051573	41.7226	-87.564717
1051579	41.776194	-87.665657
1051592	41.813914	-87.633684
1051599	41.945761	-87.655056
1051600	41.769632	-87.628698
1051608	41.71460317	-87.56284277
1051610	41.783177	-87.659451
1051611	42.011054	-87.663245
1051624	41.734476	-87.551363
1051626	41.799092	-87.700365
1051629	41.92085382	-87.72422228
1051648	41.751063	-87.618154
1051651	41.67016	-87.628013
1051652	41.966948	-87.662303
1051690	41.757016	-87.561785
1051693	41.755772	-87.643261
1051701	41.904177	-87.725805
1051709	41.759004	-87.565076
1051726	41.684642	-87.643263
1051743	41.923126	-87.644782
1051747	41.750745	-87.636728
1051754	41.80486972	-87.67432003
1051757	41.764429	-87.676733
1051768	41.751567	-87.659692
1051775	41.82833689	-87.69731896
1051792	41.750125	-87.663734
1051801	41.893375	-87.647674
1051802	41.88485404	-87.73069414
1051825	41.74703	-87.556054
1051858	41.918799	-87.648869
1051864	41.784149	-87.597909
1051866	41.756429	-87.624724
1051879	41.76001	-87.623181
1051885	41.89246	-87.712726
1051913	41.889581	-87.755588
1051947	NA	NA
1051948	41.89814353	-87.72128663
1051976	41.764294	-87.603369
1051979	41.88074	-87.75272
1052011	41.868184	-87.709158
1052014	41.823459	-87.645928
1052026	41.75253809	-87.641663
1052030	41.707788	-87.567181
1052032	41.768862	-87.575956
1052050	41.763253	-87.63246
1052052	41.89814353	-87.72128663
1052064	41.750652	-87.643325
1052066	41.772531	-87.641014
1052083	41.869553	-87.745931
1052092	41.743655	-87.624332
1052120	41.766833	-87.605623
1052145	41.722992	-87.623788
1052148	41.902016	-87.77415
1052161	41.887202	-87.755319
1052164	41.900974	-87.631362
1052165	41.905524	-87.642477
1052171	41.78044692	-87.68593081
1052179	41.809588	-87.662057
1052183	41.765291	-87.674668
1052207	41.771009	-87.609618
1052217	41.924484	-87.726769
1052233	41.795815	-87.645641
1052245	41.808187	-87.671089
1052253	41.90859558	-87.76076524
1052264	41.748698	-87.652131
1052267	41.94353414	-87.65664018
1052309	41.90845297	-87.77055367
1052313	41.752304	-87.644085
1052321	41.752304	-87.644085
1052331	41.710492	-87.629138
1052338	41.834225	-87.716542
1052343	41.810852	-87.743578
1052384	41.91856	-87.764709
1052395	41.692827	-87.605031
1052424	41.723642	-87.629672
1052444	41.868184	-87.709158
1052456	41.75106135	-87.59072484
1052472	NA	NA
1052495	41.755658	-87.644417
1052509	41.840391	-87.639294
1052517	41.868763	-87.71062
1052521	41.727556	-87.60293
1052528	41.78078932	-87.59384811
1052536	41.882354	-87.756357
1052546	41.88225812	-87.74043731
1052560	41.76361378	-87.63004905
1052561	41.692117	-87.661844
1052573	41.88485404	-87.73069414
1052586	41.710339	-87.612953
1052587	41.811996	-87.669011
1052609	41.77401236	-87.66407321
1052610	41.893718	-87.748845
1052618	41.768332	-87.683343
1052630	41.737041	-87.552377
1052633	41.75234012	-87.65620325
1052660	41.875622	-87.620591
1052669	41.780928	-87.670594
1052673	41.751327	-87.601547
1052690	41.749012	-87.601483
1052700	41.878414	-87.660556
1052706	41.77403335	-87.63340855
1052721	41.71157196	-87.53514326
1052730	41.87768	-87.762815
1052736	41.873699	-87.704716
1052746	41.908868	-87.745097
1052748	41.761472	-87.650296
1052749	41.758943	-87.561519
1052772	41.90997959	-87.72154705
1052813	41.73846932	-87.61229306
1052825	41.71157196	-87.53514326
1052860	41.743925	-87.614265
1052875	41.75276722	-87.62467123
1052903	41.73444388	-87.55868965
1052911	41.769599	-87.581728
1052924	41.75253809	-87.641663
1052927	41.887202	-87.755319
1052929	41.916818	-87.726934
1052945	41.96565362	-87.64866255
1052953	41.703818	-87.607663
1052965	41.75234012	-87.65620325
1052980	41.898819	-87.672024
1052983	41.795826	-87.645435
1052990	41.756835	-87.55819
1053002	NA	NA
1053014	NA	NA
1053036	41.750471	-87.57139
1053047	41.901831	-87.773787
1053052	41.699905	-87.620929
1053063	41.897355	-87.749952
1053071	41.79011398	-87.67185932
1053073	41.723404	-87.62829
1053075	41.871933	-87.693602
1053079	41.89655531	-87.7703173
1053111	41.897684	-87.666224
1053139	41.75066	-87.642822
1053150	41.77401236	-87.66407321
1053154	41.877279	-87.72313
1053155	41.932157	-87.639327
1053158	41.736665	-87.623958
1053160	41.73647614	-87.54185761
1053187	41.688841	-87.532533
1053188	41.76262402	-87.59010601
1053199	41.775962	-87.665716
1053214	41.757383	-87.647436
1053223	41.765318	-87.637122
1053226	41.746559	-87.653873
1053245	41.74322013	-87.72285585
1053270	41.85065	-87.632182
1053275	41.750372	-87.662227
1053285	41.801014	-87.655257
1053308	41.684013	-87.658793
1053318	41.922006	-87.775653
1053319	41.851022	-87.721739
1053325	41.74639095	-87.61023945
1053333	41.96387978	-87.81679514
1053341	41.7797964	-87.70810192
1053343	41.748289	-87.663686
1053351	41.89508812	-87.73592296
1053362	41.89655531	-87.7703173
1053364	41.743144	-87.644169
1053371	41.80916	-87.630868
1053374	41.89351	-87.763916
1053388	41.707788	-87.567181
1053393	41.735701	-87.623717
1053395	41.87768	-87.762815
1053397	41.79658748	-87.61926936
1053402	NA	NA
1053403	41.779952	-87.632625
1053415	41.830206	-87.685032
1053420	41.838834	-87.704867
1053437	41.757755	-87.633218
1053444	41.771468	-87.67073
1053470	41.758128	-87.631377
1053475	41.87174009	-87.7168155
1053482	41.766833	-87.605623
1053491	41.891594	-87.712045
1053497	41.735972	-87.632721
1053519	41.909983	-87.746325
1053520	41.745735	-87.57128
1053524	41.747426	-87.555575
1053564	NA	NA
1053571	41.896637	-87.70698
1053605	41.78409	-87.647293
1053607	41.779651	-87.660835
1053613	41.693499	-87.535571
1053616	41.773802	-87.608239
1053617	41.7077385	-87.64590687
1053627	41.883158	-87.660285
1053628	41.994737	-87.658471
1053635	41.887807	-87.707244
1053637	41.68388807	-87.62838254
1053651	41.907621	-87.766059
1053667	41.846749	-87.685141
1053682	41.88351	-87.728533
1053710	41.707788	-87.567181
1053717	41.739355	-87.553022
1053722	41.751939	-87.618176
1053725	41.692827	-87.605031
1053740	42.003718	-87.661271
1053760	41.873699	-87.704716
1053769	41.945359	-87.65545
1053780	41.755164	-87.612816
1053781	41.69735	-87.628646
1053782	41.883362	-87.725746
1053793	41.692827	-87.605031
1053816	41.879779	-87.768181
1053823	41.89770165	-87.7507719
1053830	41.859971	-87.712798
1053844	41.748594	-87.673241
1053857	41.68175	-87.633835
1053862	41.679113	-87.637942
1053867	NA	NA
1053881	41.786467	-87.664687
1053884	41.703318	-87.62094
1053906	41.842303	-87.716238
1053910	41.767921	-87.666329
1053912	41.863303	-87.707569
1053913	41.779644	-87.652072
1053916	41.699351	-87.642958
1053924	41.907765	-87.757402
1053935	41.766098	-87.582447
1053941	NA	NA
1053943	41.908411	-87.765878
1053947	41.76348436	-87.63948113
1053948	NA	NA
1053956	42.006957	-87.670002
1053957	41.752983	-87.562909
1053967	41.756487	-87.552884
1053981	41.770419	-87.643511
1053982	NA	NA
1053994	41.894524	-87.758036
1054007	41.876241	-87.720677
1054009	41.753067	-87.607703
1054035	41.789158	-87.636831
1054045	41.76968445	-87.58373152
1054053	41.880667	-87.730574
1054063	41.82996605	-87.64110243
1054102	41.686864	-87.634035
1054109	41.753311	-87.667499
1054149	41.839555	-87.634378
1054168	NA	NA
1054178	41.906927	-87.632333
1054187	41.76338157	-87.64921803
1054190	41.794561	-87.630537
1054196	41.708945	-87.627161
1054226	41.776507	-87.602499
1054227	41.99526955	-87.7649838
1054231	41.751286	-87.605215
1054233	41.736665	-87.623958
1054265	41.79011398	-87.67185932
1054294	41.849804	-87.71032819
1054306	41.779651	-87.660835
1054317	41.906914	-87.766035
1054318	41.74902879	-87.55011568
1054325	41.77431599	-87.64459275
1054329	41.896441	-87.756332
1054332	41.677152	-87.63225
1054333	41.68388807	-87.62838254
1054346	NA	NA
1054352	41.73647614	-87.54185761
1054372	41.741629	-87.610177
1054394	41.706388	-87.533474
1054432	41.720237	-87.561533
1054461	41.873578	-87.698308
1054477	NA	NA
1054506	41.858433	-87.717845
1054556	41.877461	-87.712893
1054561	41.777103	-87.612685
1054601	41.783991	-87.609671
1054607	41.90657239	-87.69700966
1054608	41.938199	-87.761579
1054615	41.70149	-87.628424
1054634	41.895898	-87.719466
1054643	41.76262402	-87.59010601
1054667	41.848817	-87.710039
1054693	41.759477	-87.586157
1054695	41.746343	-87.663336
1054700	41.899608	-87.62445
1054706	41.780142	-87.606131
1054707	41.873699	-87.704716
1054709	NA	NA
1054710	41.76338157	-87.64921803
1054715	41.887918	-87.745551
1054742	41.74659	-87.639506
1054752	41.809518	-87.744043
1054762	41.745968	-87.617464
1054788	41.903251	-87.643574
1054790	41.724954	-87.556659
1054814	41.766623	-87.67358
1054831	41.77194037	-87.60048047
1054833	41.773309	-87.588766
1054840	41.747782	-87.662496
1054850	41.75106135	-87.59072484
1054894	41.741221	-87.571293
1054909	41.791643	-87.662923
1054922	41.747931	-87.642267
1054928	41.7867717	-87.64982436
1054931	41.755775	-87.666871
1054935	41.651092	-87.545558
1054946	41.76361378	-87.63004905
1054960	41.87822	-87.766417
1054963	41.894755	-87.772292
1054980	41.87382201	-87.76950132
1054985	41.918619	-87.689932
1054987	41.904009	-87.732204
1054999	41.883089	-87.727838
1055000	41.895962	-87.696955
1055005	41.837504	-87.646622
1055009	41.75253809	-87.641663
1055010	NA	NA
1055040	41.780142	-87.606131
1055042	41.780506	-87.612698
1055053	41.7311	-87.609535
1055056	41.76968445	-87.58373152
1055075	41.892041	-87.624849
1055078	41.87160344	-87.7278045
1055093	41.87988	-87.711578
1055130	41.84786402	-87.72710576
1055146	41.89918	-87.772363
1055147	41.824028	-87.631775
1055154	41.837504	-87.646622
1055159	41.812993	-87.641059
1055161	41.879909	-87.632306
1055166	41.859104	-87.715253
1055190	41.837504	-87.646622
1055196	41.859246	-87.724966
1055208	41.885927	-87.771003
1055214	41.746446	-87.647086
1055222	41.75527	-87.598868
1055231	41.896232	-87.670033
1055255	41.72919521	-87.65408251
1055267	41.659761	-87.558422
1055269	41.758653	-87.562728
1055296	41.779766	-87.647345
1055302	41.784867	-87.652457
1055305	41.87671	-87.728828
1055311	41.751915	-87.552585
1055315	41.750409	-87.659801
1055326	41.879689	-87.731642
1055332	41.857199	-87.705906
1055340	41.841809	-87.683984
1055346	41.779651	-87.660835
1055376	41.906196	-87.630485
1055380	41.75230412	-87.67079071
1055401	41.75230412	-87.67079071
1055402	41.764846	-87.669887
1055407	41.752304	-87.644085
1055410	41.678975	-87.620001
1055418	41.765778	-87.613609
1055440	41.692827	-87.605031
1055478	41.749152	-87.606663
1055497	41.760931	-87.650572
1055500	NA	NA
1055517	41.85601854	-87.73222097
1055539	41.736457	-87.605163
1055542	41.91856	-87.764709
1055545	41.90952	-87.771466
1055548	41.877278	-87.723387
1055558	41.758855	-87.561516
1055581	41.668583	-87.634692
1055584	42.014556	-87.689117
1055593	41.687182	-87.632146
1055601	41.75234012	-87.65620325
1055611	41.939639	-87.652608
1055619	41.981778	-87.661293
1055631	41.751701	-87.549266
1055637	41.691694	-87.668627
1055640	41.731912	-87.550436
1055646	41.89814353	-87.72128663
1055674	41.823623	-87.633237
1055688	41.888748	-87.752442
1055689	41.876071	-87.734117
1055700	41.939456	-87.688828
1055701	41.71157196	-87.53514326
1055708	41.903558	-87.727785
1055718	41.70383117	-87.61100951
1055758	41.749124	-87.605437
1055761	41.772076	-87.673713
1055771	41.744007	-87.602576
1055772	41.878627	-87.725599
1055786	41.712312	-87.640864
1055789	41.846365	-87.702638
1055799	41.782885	-87.66084
1055807	41.692827	-87.605031
1055820	41.764153	-87.596468
1055826	41.7867717	-87.64982436
1055852	41.80584217	-87.61014827
1055855	41.764294	-87.624881
1055867	41.743118	-87.603793
1055868	41.777773	-87.633692
1055869	41.875016	-87.724956
1055880	41.73846932	-87.61229306
1055900	41.690949	-87.629518
1055901	41.75230412	-87.67079071
1055907	41.780619	-87.586458
1055915	41.801277	-87.682012
1055917	41.69288447	-87.67609365
1055928	41.73870368	-87.58303286
1055934	41.736044	-87.721771
1055953	41.751846	-87.557744
1055981	41.903184	-87.691284
1055982	41.719372	-87.552581
1055988	41.9145947	-87.64598415
1055991	41.72840558	-87.62689482
1055995	41.885647	-87.708022
1056012	41.775542	-87.665613
1056013	41.983793	-87.786732
1056020	41.876564	-87.702036
1056033	41.968422	-87.727068
1056034	41.979539	-87.693014
1056044	41.752304	-87.644085
1056047	41.765731	-87.660443
1056050	41.91856	-87.764709
1056051	41.770421	-87.637602
1056062	41.762783	-87.670055
1056063	41.784545	-87.665807
1056091	41.707788	-87.567181
1056113	41.866983	-87.714405
1056116	41.795793	-87.580887
1056144	41.75588353	-87.55461559
1056148	41.77187	-87.661885
1056160	41.810389	-87.668663
1056175	41.89668031	-87.76054648
1056201	41.753813	-87.658959
1056215	41.92812262	-87.72810293
1056222	41.96387978	-87.81679514
1056226	41.85617766	-87.72000579
1056234	41.748605	-87.645446
1056240	41.777815	-87.625313
1056266	41.729516	-87.550856
1056276	41.688764	-87.621262
1056288	41.75782	-87.585447
1056302	41.880457	-87.711317
1056308	41.854454	-87.631822
1056331	41.732809	-87.605089
1056339	41.759481	-87.564772
1056348	41.78300274	-87.67169559
1056359	41.779651	-87.660835
1056395	41.75234012	-87.65620325
1056403	41.89914	-87.719077
1056414	41.893504	-87.63006
1056419	41.908002	-87.765424
1056429	41.96083216	-87.73765517
1056435	41.75230412	-87.67079071
1056436	41.685234	-87.630089
1056443	41.762515	-87.576221
1056444	41.752244	-87.665455
1056446	41.703332	-87.624866
1056449	41.779651	-87.660835
1056452	41.863206	-87.703661
1056496	41.750056	-87.564152
1056520	41.695482	-87.537512
1056551	41.81103	-87.748454
1056552	41.747863	-87.600551
1056557	41.76306238	-87.67122688
1056575	41.920108	-87.773154
1056586	41.994113	-87.688551
1056591	41.87676	-87.723194
1056595	41.763606	-87.615657
1056598	41.762442	-87.571755
1056600	41.902536	-87.628486
1056616	41.885408	-87.625677
1056617	41.896322	-87.637166
1056635	41.701879	-87.629805
1056642	41.777752	-87.657136
1056646	41.89655531	-87.7703173
1056648	41.896692	-87.767404
1056657	41.89668031	-87.76054648
1056664	41.87402207	-87.75970821
1056666	41.777505	-87.675151
1056669	41.76968445	-87.58373152
1056678	41.807559	-87.641855
1056684	41.90391	-87.677968
1056741	41.692827	-87.605031
1056743	NA	NA
1056749	41.758472	-87.588847
1056756	41.83469	-87.680034
1056764	41.721167	-87.669008
1056765	41.878469	-87.736102
1056772	41.69288447	-87.67609365
1056808	41.849804	-87.71032819
1056816	41.750926	-87.666124
1056819	41.776528	-87.597656
1056838	41.755658	-87.644417
1056841	41.76184831	-87.61283614
1056849	41.911148	-87.626004
1056863	41.7797964	-87.70810192
1056887	41.880054	-87.657441
1056896	41.75234012	-87.65620325
1056903	41.761328	-87.644657
1056905	41.764101	-87.601863
1056906	41.884549	-87.736866
1056907	41.872794	-87.718286
1056912	41.76968445	-87.58373152
1056929	41.867131	-87.69985
1056935	41.766833	-87.605623
1056937	41.704251	-87.564459
1056941	41.746832	-87.602629
1056942	41.886907	-87.725845
1056949	41.91111	-87.626004
1056967	41.858155	-87.721184
1056968	41.67956319	-87.5744617
1056982	41.735958	-87.634332
1056988	41.77905	-87.647195
1056996	41.755968	-87.653048
1057008	41.68388807	-87.62838254
1057013	41.873001	-87.703597
1057028	41.868763	-87.71062
1057046	NA	NA
1057062	41.735265	-87.555117
1057072	41.878901	-87.686756
1057078	41.997561	-87.699642
1057086	41.768389	-87.658105
1057089	41.77862	-87.652798
1057121	41.766833	-87.605623
1057129	NA	NA
1057165	41.741221	-87.571293
1057167	41.912731	-87.743959
1057172	41.931286	-87.798663
1057176	41.858093	-87.627502
1057181	41.742659	-87.55308
1057190	NA	NA
1057196	41.749485	-87.602708
1057210	41.742553	-87.668095
1057215	41.766196	-87.674046
1057247	41.83704371	-87.71117923
1057256	41.888303	-87.738185
1057262	41.85636	-87.708405
1057293	41.778928	-87.686591
1057322	41.74902879	-87.55011568
1057325	NA	NA
1057329	41.751764	-87.563807
1057337	41.755485	-87.667952
1057354	41.780391	-87.607189
1057374	41.970048	-87.747846
1057390	41.748621	-87.641815
1057391	41.830636	-87.623783
1057397	NA	NA
1057403	41.89814353	-87.72128663
1057421	41.75230412	-87.67079071
1057423	41.744873	-87.649032
1057428	41.75409358	-87.60568904
1057429	41.938942	-87.747171
1057446	41.881089	-87.694027
1057457	41.755735	-87.612121
1057458	41.997995	-87.681601
1057460	41.688296	-87.62611
1057461	41.768622	-87.659066
1057469	41.74115132	-87.67032601
1057478	41.7296	-87.622077
1057480	41.977159	-87.756824
1057486	41.792254	-87.633182
1057494	41.898947	-87.636987
1057495	NA	NA
1057497	41.87914	-87.7258
1057505	41.748566	-87.661227
1057515	41.704767	-87.529429
1057516	41.752304	-87.644085
1057517	41.688292	-87.626023
1057533	41.865961	-87.720476
1057554	41.7502	-87.67558
1057559	41.873283	-87.722971
1057565	41.91856	-87.764709
1057569	41.801328	-87.664155
1057576	41.93480061	-87.79406541
1057579	41.91856	-87.764709
1057602	41.899036	-87.724894
1057608	41.756451	-87.642594
1057630	41.78663501	-87.65953826
1057653	41.77913042	-87.78102419
1057658	41.809611	-87.747291
1057666	41.852792	-87.638532
1057671	41.772147	-87.645987
1057678	41.71469287	-87.60909886
1057680	41.734261	-87.631536
1057685	41.768991	-87.66393
1057705	41.884458	-87.744915
1057712	41.785874	-87.606037
1057714	41.903251	-87.643574
1057719	41.91856	-87.764709
1057726	41.903704	-87.72526
1057728	41.904008	-87.760367
1057736	41.90859558	-87.76076524
1057737	41.758452	-87.612674
1057739	41.780024	-87.635261
1057754	41.92812262	-87.72810293
1057758	41.928032	-87.641545
1057779	41.96387978	-87.81679514
1057780	41.653553	-87.547525
1057783	41.72774441	-87.58412205
1057806	41.672098	-87.648018
1057840	41.873699	-87.704716
1057850	NA	NA
1057858	41.801828	-87.630708
1057880	41.968995	-87.661669
1057888	41.903391	-87.750967
1057911	41.769509	-87.58676
1057920	41.881049	-87.721024
1057937	41.77386539	-87.67388971
1057940	41.85793685	-87.61615669
1057941	41.80151273	-87.63817178
1057957	41.88447877	-87.71161752
1057960	41.909379	-87.765724
1057967	41.799094	-87.69368434
1057978	41.793978	-87.64324
1057981	41.87378564	-87.74992639
1057982	41.76005	-87.558246
1058034	41.970291	-87.75898245
1058036	41.816117	-87.631447
1058051	41.653025	-87.547515
1058087	41.76184831	-87.61283614
1058130	NA	NA
1058133	41.779465	-87.664221
1058134	41.76348436	-87.63948113
1058135	41.879779	-87.768181
1058155	41.830881	-87.636193
1058157	41.69642225	-87.6138377
1058158	41.750727	-87.637985
1058159	41.90845297	-87.77055367
1058169	41.879204	-87.629345
1058170	41.768074	-87.619797
1058174	41.76184831	-87.61283614
1058175	41.76184831	-87.61283614
1058181	41.768972	-87.620651
1058197	41.809238	-87.741042
1058200	41.922058	-87.729411
1058208	41.83381608	-87.72893896
1058213	41.762769	-87.647567
1058216	41.85617766	-87.72000579
1058227	41.909218	-87.676168
1058228	41.883771	-87.687659
1058230	41.756835	-87.55819
1058232	41.759389	-87.578106
1058254	41.896673	-87.765546
1058257	41.885192	-87.66076
1058259	41.903773	-87.639506
1058268	41.75369	-87.669753
1058271	41.779465	-87.664221
1058276	41.91818	-87.648509
1058284	41.731334	-87.60935
1058329	41.766286	-87.562815
1058330	41.872791	-87.724931
1058338	NA	NA
1058355	41.746835	-87.547541
1058357	41.775085	-87.656799
1058371	41.692477	-87.632178
1058396	41.91856	-87.764709
1058406	41.77386539	-87.67388971
1058408	41.751468	-87.598653
1058419	41.752304	-87.644085
1058438	41.705616	-87.64239
1058451	41.82428	-87.610779
1058458	41.726836	-87.614566
1058464	41.803105	-87.668853
1058472	41.96387978	-87.81679514
1058474	41.902332	-87.76302
1058481	41.791479	-87.654457
1058488	41.89281	-87.631602
1058498	41.758047	-87.636368
1058501	41.77431599	-87.64459275
1058533	41.798099	-87.660612
1058569	41.792154	-87.655647
1058572	41.703318	-87.62094
1058594	41.786698	-87.645238
1058598	41.754224	-87.647954
1058632	41.773099	-87.659892
1058637	41.747014	-87.642718
1058655	42.012981	-87.664052
1058659	41.99030427	-87.80904828
1058675	41.89640151	-87.71147215
1058739	NA	NA
1058741	41.764846	-87.669887
1058745	41.880656	-87.731524
1058760	41.813496	-87.694637
1058774	41.743892	-87.618645
1058794	41.75951	-87.645688
1058806	41.89770165	-87.7507719
1058809	41.864068	-87.718946
1058859	41.845886	-87.67511
1058864	41.92812262	-87.72810293
1058868	41.71469287	-87.60909886
1058870	41.897743	-87.74587
1058889	41.744992	-87.644139
1058894	41.843993	-87.726999
1058902	41.966048	-87.728164
1058921	41.661316	-87.617798
1058924	41.886692	-87.711329
1058955	41.99439754	-87.66477257
1058978	41.9338039	-87.71237114
1058984	41.715339	-87.645786
1058985	41.793664	-87.664575
1059005	41.677972	-87.627461
1059009	NA	NA
1059014	41.75253809	-87.641663
1059035	41.784486	-87.653666
1059043	41.74887	-87.651519
1059055	41.751327	-87.601476
1059060	41.87950437	-87.73053756
1059061	41.77189	-87.659399
1059064	41.903391	-87.750967
1059085	41.755358	-87.655229
1059086	41.89008	-87.705565
1059104	41.78426	-87.656091
1059113	41.699905	-87.620929
1059136	41.9451735	-87.83043741
1059156	41.92127931	-87.76585598
1059168	41.688204	-87.532759
1059171	41.74749	-87.613236
1059173	41.837385	-87.645364
1059176	41.771367	-87.674734
1059182	41.84552485	-87.68263289
1059197	41.764799	-87.674745
1059198	41.709879	-87.565744
1059204	41.754262	-87.645384
1059207	41.835929	-87.726765
1059223	41.84294015	-87.61900952
1059227	41.87144615	-87.73881348
1059228	41.80151273	-87.63817178
1059229	41.700423	-87.559887
1059230	41.903251	-87.643574
1059232	41.754056	-87.659205
1059246	41.936587	-87.801414
1059248	41.813388	-87.633018
1059259	41.74976716	-87.69365707
1059262	41.77194037	-87.60048047
1059269	41.87499	-87.759009
1059274	41.99773	-87.689883
1059307	41.779651	-87.660835
1059309	41.77431599	-87.64459275
1059317	41.750606	-87.646467
1059323	41.89668031	-87.76054648
1059333	41.758429	-87.617966
1059334	41.801014	-87.655257
1059335	41.879779	-87.768181
1059339	41.679437	-87.644748
1059352	41.83381608	-87.72893896
1059360	41.87127407	-87.6935472
1059365	41.779661	-87.650859
1059368	41.750775	-87.634505
1059373	41.758878	-87.575966
1059397	41.763433	-87.576242
1059414	41.768819	-87.645726
1059416	41.771157	-87.568279
1059424	41.751286	-87.605215
1059430	41.85636	-87.708405
1059449	41.87174009	-87.7168155
1059456	41.76184831	-87.61283614
1059474	41.858093	-87.627502
1059488	41.786126	-87.651318
1059490	41.85601854	-87.73222097
1059494	41.766833	-87.605623
1059496	41.685043	-87.663221
1059547	41.700496	-87.637433
1059548	41.87950437	-87.73053756
1059551	41.880736	-87.753779
1059563	41.77811	-87.647931
1059574	41.727492	-87.607027
1059584	41.964989	-87.650576
1059588	41.946517	-87.654005
1059589	41.863529	-87.733904
1059594	41.88742436	-87.75042738
1059622	41.812198	-87.604428
1059634	41.849804	-87.71032819
1059639	41.75588353	-87.55461559
1059645	41.79762476	-87.65496442
1059670	NA	NA
1059674	41.80584217	-87.61014827
1059676	NA	NA
1059681	41.78663501	-87.65953826
1059713	41.871955	-87.754821
1059721	NA	NA
1059728	41.6714287	-87.60954144
1059736	41.76348436	-87.63948113
1059738	41.6714287	-87.60954144
1059741	41.86339608	-87.72757055
1059748	41.722338	-87.623747
1059756	41.88531844	-87.72096934
1059760	41.796452	-87.622972
1059778	41.882862	-87.727762
1059779	41.761033	-87.66398
1059783	41.997513	-87.687201
1059804	41.87159184	-87.62979977
1059816	41.90972	-87.758112
1059820	41.879779	-87.768181
1059828	41.753265	-87.604331
1059829	41.808713	-87.656702
1059843	41.772906	-87.68047
1059844	41.692827	-87.605031
1059845	41.787026	-87.624171
1059847	41.76338157	-87.64921803
1059850	41.800755	-87.694339
1059875	41.820985	-87.616655
1059882	41.765752	-87.612845
1059884	41.68388807	-87.62838254
1059888	41.896947	-87.628486
1059915	41.659134	-87.603406
1059948	41.903773	-87.639506
1059953	41.875854	-87.761677
1059955	41.875944	-87.76044
1059956	41.653553	-87.547525
1059971	41.76321757	-87.65890686
1059972	NA	NA
1059974	41.69698039	-87.70830784
1059986	41.707043	-87.633116
1059991	41.792787	-87.674262
1059995	41.879427	-87.699059
1059996	41.701951	-87.626555
1060014	41.763286	-87.565224
1060017	41.75409358	-87.60568904
1060019	41.69392	-87.699948
1060024	41.873571	-87.725416
1060028	41.71469287	-87.60909886
1060034	41.738232	-87.621039
1060035	41.727324	-87.604927
1060049	41.882357	-87.725837
1060054	41.873755	-87.710785
1060060	41.695308	-87.621994
1060068	42.012763	-87.66732
1060126	41.799059	-87.686844
1060164	41.873699	-87.704716
1060186	41.779213	-87.681091
1060197	41.776589	-87.725404
1060218	41.852378	-87.674116
1060222	41.78698767	-87.63779307
1060237	41.904177	-87.725805
1060242	41.736643	-87.605308
1060252	41.876731	-87.749282
1060256	41.751295	-87.604471
1060260	41.773165	-87.581786
1060313	41.69642225	-87.6138377
1060314	41.796602	-87.668577
1060319	41.692827	-87.605031
1060322	41.737267	-87.549619
1060378	41.826563	-87.673675
1060468	NA	NA
1060499	41.751262	-87.606446
1060501	41.75253809	-87.641663
1060504	41.677637	-87.636216
1060505	41.997799	-87.685881
1060510	41.779651	-87.660835
1060519	41.81002301	-87.69397022
1060522	41.766477	-87.573557
1060527	41.862534	-87.72385
1060550	41.746667	-87.667026
1060573	41.69642225	-87.6138377
1060582	41.735873	-87.657381
1060583	41.892423	-87.752734
1060596	41.732964	-87.607159
1060607	41.81625979	-87.64271573
1060613	41.919253	-87.690136
1060619	41.765057	-87.62899
1060628	41.759669	-87.649126
1060634	41.88697	-87.745512
1060641	41.748581	-87.650047
1060667	41.87127407	-87.6935472
1060679	41.90746383	-87.63744904
1060689	41.89668031	-87.76054648
1060701	41.863184	-87.715583
1060711	41.734666	-87.604493
1060712	41.74359	-87.613453
1060734	41.731553	-87.640701
1060742	41.771257	-87.611929
1060746	41.723241	-87.625301
1060751	41.876659	-87.754929
1060783	41.879309	-87.760411
1060786	41.72774441	-87.58412205
1060788	41.91856	-87.764709
1060791	41.873699	-87.704716
1060797	41.70383117	-87.61100951
1060812	41.752304	-87.644085
1060850	41.763188	-87.657306
1060858	41.77924	-87.679053
1060859	41.90983642	-87.73133023
1060870	41.90746383	-87.63744904
1060873	41.755358	-87.655229
1060890	41.745832	-87.601738
1060893	41.736665	-87.623958
1060915	41.973395	-87.765237
1060964	41.721425	-87.62572
1060973	41.75066	-87.642822
1061001	41.902249	-87.755774
1061005	41.779651	-87.660835
1061014	41.86624	-87.720123
1061020	41.675632	-87.624036
1061049	41.96387978	-87.81679514
1061055	41.686611	-87.647403
1061083	41.806432	-87.667343
1061091	42.019235	-87.666926
1061092	41.766061	-87.586327
1061097	41.903649	-87.647332
1061104	41.84552485	-87.68263289
1061120	41.749941	-87.665855
1061122	41.792754	-87.659284
1061133	41.7867717	-87.64982436
1061135	41.860228	-87.719573
1061137	41.879779	-87.768181
1061148	41.895158	-87.751602
1061150	41.851603	-87.741174
1061186	41.749151	-87.607885
1061188	41.752304	-87.644085
1061204	41.903251	-87.643574
1061239	41.768219	-87.659846
1061249	41.87378564	-87.74992639
1061258	41.690585	-87.62126
1061291	41.7774	-87.677512
1061297	41.721707	-87.627451
1061303	41.866909	-87.718906
1061309	41.767696	-87.586683
1061337	41.692827	-87.605031
1061338	41.692827	-87.605031
1061394	41.752304	-87.644085
1061399	41.844518	-87.65658
1061479	41.707788	-87.567181
1061481	41.779651	-87.660835
1061490	41.893811	-87.77417
1061518	41.795653	-87.66244
1061540	41.72774441	-87.58412205
1061542	41.830636	-87.623783
1061547	41.743989	-87.603727
1061552	41.91856	-87.764709
1061557	41.77194037	-87.60048047
1061565	41.877614	-87.696584
1061570	41.897852	-87.756391
1061585	41.777318	-87.603882
1061587	41.91856	-87.764709
1061588	41.751866	-87.66615
1061628	41.853598	-87.713182
1061636	41.735405	-87.63001
1061638	41.790523	-87.65478
1061658	41.779651	-87.660835
1061675	41.76527	-87.624902
1061686	41.90859558	-87.76076524
1061694	41.788591	-87.674938
1061698	41.883209	-87.632106
1061703	41.898371	-87.751019
1061706	41.778585	-87.633327
1061708	41.721698	-87.628665
1061709	41.721181	-87.668339
1061715	41.846265	-87.646734
1061764	41.72774441	-87.58412205
1061772	41.765363	-87.65198
1061777	41.779651	-87.660835
1061778	41.692827	-87.605031
1061803	41.873699	-87.704716
1061811	41.67822115	-87.64913797
1061812	41.72759486	-87.61078625
1061828	43.038397	-87.917635
1061834	41.887742	-87.760377
1061837	41.845601	-87.705856
1061865	41.76348436	-87.63948113
1061866	41.738732	-87.575401
1061881	41.721703	-87.62373
1061889	41.76338157	-87.64921803
1061912	41.756288	-87.63225
1061932	41.774011	-87.621855
1061935	41.75253809	-87.641663
1061951	41.75409358	-87.60568904
1061961	41.898388	-87.772816
1061982	41.427014	-87.525908
1062004	41.724515	-87.631178
1062008	41.712312	-87.640864
1062012	NA	NA
1062015	NA	NA
1062023	41.958038	-87.652414
1062024	41.758876	-87.576142
1062035	41.748662	-87.65466
1062053	41.880258	-87.732369
1062064	41.876392	-87.722589
1062095	41.75419	-87.633448
1062102	41.692827	-87.605031
1062107	41.72840558	-87.62689482
1062128	41.94590067	-87.73798625
1062148	41.69138	-87.701124
1062158	41.67956319	-87.5744617
1062178	41.84552485	-87.68263289
1062184	41.758724	-87.5908
1062194	41.73444388	-87.55868965
1062213	41.892912	-87.766599
1062217	41.801558	-87.65534
1062220	41.79011398	-87.67185932
1062221	41.673132	-87.64016
1062229	41.910147	-87.706877
1062233	41.8867263	-87.76019562
1062235	41.75234012	-87.65620325
1062240	41.792937	-87.642225
1062242	41.751406	-87.613172
1062261	41.90964801	-87.74603586
1062262	41.790105	-87.665937
1062276	41.871466	-87.715579
1062290	41.96103244	-87.72048501
1062319	41.964324	-87.727575
1062328	41.85636	-87.708405
1062333	NA	NA
1062340	41.742608	-87.641822
1062341	41.87378564	-87.74992639
1062356	41.916516	-87.751218
1062359	41.88336	-87.627874
1062377	41.742608	-87.641822
1062395	41.96083216	-87.73765517
1062396	41.852643	-87.62405
1062419	41.877652	-87.748287
1062500	41.773713	-87.665547
1062504	41.84786402	-87.72710576
1062510	41.87285	-87.74509
1062511	41.75516	-87.562952
1062515	41.746559	-87.653873
1062517	41.78663501	-87.65953826
1062518	41.81917313	-87.69425779
1062519	41.790343	-87.65138
1062555	41.701896	-87.564387
1062569	41.737365	-87.561959
1062571	41.709939	-87.65528
1062575	41.682529	-87.624039
1062590	41.748465	-87.668936
1062601	41.743251	-87.651115
1062602	41.72424275	-87.64167289
1062625	41.764679	-87.655437
1062641	41.916946	-87.744977
1062662	41.891106	-87.717627
1062680	41.742577	-87.646538
1062683	41.88531844	-87.72096934
1062696	41.79624	-87.662991
1062703	41.76262402	-87.59010601
1062711	41.768441	-87.673625
1062738	41.67822115	-87.64913797
1062739	41.681741	-87.540109
1062746	NA	NA
1062757	41.876253	-87.732875
1062761	41.962366	-87.657926
1062763	41.759209	-87.577059
1062764	41.903251	-87.643574
1062778	41.76184831	-87.61283614
1062788	41.947221	-87.655763
1062789	41.705229	-87.641174
1062797	41.764996	-87.657939
1062834	41.876253	-87.732875
1062840	41.961859	-87.670206
1062857	41.85949706	-87.70208753
1062865	41.775642	-87.59334
1062884	41.763071	-87.611856
1062896	41.77222	-87.644741
1062922	41.91856	-87.764709
1062934	41.887308	-87.766766
1062936	41.750669	-87.611275
1062977	41.777633	-87.635855
1062985	41.78285867	-87.60901141
1062992	41.768287	-87.627082
1062995	41.78285867	-87.60901141
1062999	41.91856	-87.764709
1063004	41.892607	-87.726
1063006	41.766416	-87.635055
1063021	41.657346	-87.54955
1063033	41.772421	-87.648235
1063034	41.778585	-87.633327
1063042	41.864511	-87.694835
1063049	41.775085	-87.656799
1063079	41.889732	-87.755595
1063091	41.881891	-87.638773
1063103	41.773942	-87.589561
1063114	41.896021	-87.716616
1063115	41.87160344	-87.7278045
1063129	41.91856	-87.764709
1063130	41.881997	-87.726154
1063165	41.870557	-87.725552
1063170	41.689533	-87.628096
1063178	41.870258	-87.745517
1063191	41.880738	-87.743008
1063224	41.74773	-87.655649
1063245	41.684922	-87.642602
1063260	41.767356	-87.584807
1063292	41.80853	-87.672255
1063311	41.747276	-87.603482
1063358	41.752304	-87.644085
1063365	41.76262402	-87.59010601
1063378	41.752304	-87.644085
1063401	41.768287	-87.627082
1063413	41.864616	-87.730268
1063415	41.812899	-87.646292
1063425	41.707968	-87.62009
1063469	41.779651	-87.660835
1063470	41.92384046	-87.6799669
1063486	41.779651	-87.660835
1063495	41.837504	-87.646622
1063505	41.892875	-87.742036
1063525	41.891344	-87.641975
1063527	41.72977	-87.550989
1063534	41.752304	-87.644085
1063535	41.752304	-87.644085
1063536	41.752304	-87.644085
1063537	41.752304	-87.644085
1063538	41.752304	-87.644085
1063546	NA	NA
1063631	41.750096	-87.552707
1063648	NA	NA
1063653	41.869758	-87.743515
1063662	41.700986	-87.624093
1063694	41.770751	-87.638678
1063705	41.949802	-87.658899
1063711	NA	NA
1063722	41.767287	-87.584805
1063737	41.917664	-87.658925
1063740	41.851801	-87.725192
1063747	NA	NA
1063797	41.886268	-87.717083
1063821	41.762312	-87.598094
1063822	41.697807	-87.528187
1063824	41.761003	-87.656313
1063833	41.863866	-87.659182
1063859	41.750926	-87.625824
1063873	41.764932	-87.662198
1063898	41.81917313	-87.69425779
1063915	41.714691	-87.535278
1063935	41.719414	-87.536765
1063949	41.685416	-87.61405
1063961	41.873699	-87.704716
1063963	41.75234012	-87.65620325
1063971	41.651245	-87.548718
1063975	41.751063	-87.618154
1063987	41.692827	-87.605031
1063990	41.795432	-87.643498
1064002	41.759567	-87.644642
1064007	41.684922	-87.642602
1064009	41.87152784	-87.70599877
1064020	41.749969	-87.73555
1064024	41.690713	-87.627858
1064034	41.779375	-87.645022
1064036	41.924899	-87.640442
1064045	41.79338	-87.657458
1064084	41.977378	-87.788563
1064089	41.78663501	-87.65953826
1064092	41.89814353	-87.72128663
1064113	41.96387978	-87.81679514
1064128	41.89640151	-87.71147215
1064139	41.873699	-87.704716
1064148	41.891017	-87.749456
1064150	41.897228	-87.726322
1064164	41.872978	-87.757417
1064182	41.802251	-87.606407
1064185	41.771978	-87.683444
1064188	41.873699	-87.704716
1064191	41.752455	-87.644089
1064192	41.71469287	-87.60909886
1064202	41.748074	-87.633955
1064213	41.749884	-87.675019
1064215	41.779651	-87.660835
1064232	41.778878	-87.673137
1064239	41.83974052	-87.65459017
1064247	42.00168502	-87.79975496
1064260	41.771306	-87.623915
1064263	41.894275	-87.758244
1064289	41.774104	-87.66852
1064290	41.79863894	-87.58774609
1064292	41.777113	-87.640293
1064293	41.937595	-87.71203
1064296	41.755365	-87.555749
1064297	41.908906	-87.754268
1064313	41.756429	-87.624724
1064314	41.901974	-87.653756
1064325	41.752304	-87.644085
1064338	41.75409358	-87.60568904
1064367	41.66864653	-87.54054536
1064387	41.736489	-87.615472
1064388	41.901826	-87.729378
1064396	41.774986	-87.603374
1064398	41.78433	-87.624156
1064446	41.878059	-87.731247
1064456	41.678968	-87.62054
1064457	41.991325	-87.822036
1064472	41.703052	-87.540607
1064510	41.751338	-87.600338
1064518	41.71469287	-87.60909886
1064535	41.77401236	-87.66407321
1064569	41.890419	-87.723673
1064575	41.761322	-87.660406
1064592	41.753939	-87.650422
1064593	41.96387978	-87.81679514
1064597	41.77194037	-87.60048047
1064614	41.766833	-87.605623
1064621	41.790981	-87.650793
1064635	41.893839	-87.756968
1064636	41.764185	-87.586279
1064657	41.752304	-87.644085
1064659	41.739432	-87.663157
1064661	41.749323	-87.626006
1064670	41.736591	-87.658223
1064671	41.768784	-87.64814
1064705	41.753957	-87.608493
1064743	41.916641	-87.726541
1064751	41.757497	-87.599547
1064754	41.76262402	-87.59010601
1064755	41.903773	-87.639506
1064774	41.903341	-87.6412
1064790	41.89770165	-87.7507719
1064793	41.75409358	-87.60568904
1064800	41.97519612	-87.77779123
1064826	41.764247	-87.564683
1064854	41.873057	-87.698684
1064864	41.767724	-87.585495
1064867	41.6929	-87.626676
1064869	NA	NA
1064877	41.7501	-87.660075
1064892	41.743739	-87.636287
1064915	41.806455	-87.657183
1064928	41.885768	-87.721315
1064932	NA	NA
1064951	41.753236	-87.578752
1064955	41.890337	-87.62613
1064956	41.728376	-87.66193
1064993	41.864116	-87.718816
1064996	41.90983642	-87.73133023
1065002	41.732898	-87.602414
1065030	41.830636	-87.623783
1065032	41.80151273	-87.63817178
1065043	41.77386539	-87.67388971
1065044	41.868106	-87.698735
1065051	41.75588353	-87.55461559
1065055	41.737529	-87.643652
1065065	41.779651	-87.660835
1065067	41.796472	-87.754808
1065113	41.77403335	-87.63340855
1065132	41.866793	-87.698165
1065142	41.854557	-87.726673
1065143	41.707788	-87.567181
1065173	41.879779	-87.768181
1065189	NA	NA
1065194	41.97286809	-87.65169235
1065203	41.897511	-87.770353
1065213	41.877862	-87.747197
1065252	41.874174	-87.641661
1065253	41.90983642	-87.73133023
1065294	NA	NA
1065307	41.878517	-87.726274
1065311	NA	NA
1065314	41.7657	-87.615794
1065331	41.882628	-87.748963
1065359	41.879389	-87.754012
1065367	41.813759	-87.693147
1065391	41.776762	-87.612675
1065397	41.87160344	-87.7278045
1065401	41.688225	-87.539397
1065436	41.695503	-87.628611
1065454	41.752161	-87.601203
1065455	41.752161	-87.601203
1065456	41.760781	-87.597283
1065461	41.88225812	-87.74043731
1065479	41.84251067	-87.70020819
1065487	41.769428	-87.63694
1065507	41.890071	-87.667117
1065524	41.89123	-87.629965
1065554	41.895219	-87.750246
1065559	41.863403	-87.726533
1065562	41.997536	-87.701007
1065577	41.87382201	-87.76950132
1065584	41.885416	-87.765877
1065592	41.763269	-87.582374
1065607	41.870273	-87.731626
1065613	41.876257	-87.732458
1065617	41.906945	-87.701368
1065619	41.68946425	-87.65604262
1065629	41.884705	-87.736868
1065637	41.75234012	-87.65620325
1065638	41.73444388	-87.55868965
1065646	41.92206	-87.804357
1065656	41.860901	-87.694702
1065664	41.752304	-87.644085
1065694	41.802079	-87.617747
1065700	41.778989	-87.708784
1065701	41.770279	-87.659455
1065706	41.767618	-87.608773
1065717	41.77345	-87.572826
1065723	41.891742	-87.721084
1065728	41.920863	-87.723551
1065729	41.769819	-87.574813
1065750	41.85636	-87.708405
1065753	41.8695	-87.724636
1065772	41.749151	-87.607885
1065793	41.748522	-87.64906
1065882	41.809138	-87.631607
1065908	41.89182	-87.717687
1065924	41.75588353	-87.55461559
1065931	41.750642	-87.644044
1065943	41.902691	-87.723865
1065966	41.769727	-87.644529
1065971	41.844647	-87.694659
1065981	41.66864653	-87.54054536
1065989	41.652559	-87.545525
1065993	41.908059	-87.72759
1066018	41.876406	-87.749732
1066023	41.739634	-87.618914
1066030	41.76431173	-87.563591
1066037	41.875089	-87.657024
1066070	41.753227	-87.606771
1066091	41.776468	-87.67285
1066097	41.845614	-87.625326
1066104	41.766833	-87.605623
1066119	41.88531844	-87.72096934
1066130	41.767778	-87.569639
1066135	41.897585	-87.750997
1066137	41.793954	-87.625966
1066139	41.735797	-87.553775
1066142	41.937274	-87.745829
1066156	41.733895	-87.659652
1066188	41.66659576	-87.63352945
1066190	41.774295	-87.644644
1066193	41.77194037	-87.60048047
1066197	41.881276	-87.751795
1066201	41.751141	-87.624554
1066204	41.85636	-87.708405
1066206	41.871355	-87.719253
1066209	41.873699	-87.704716
1066215	41.7515	-87.584407
1066227	41.7693714	-87.61830029
1066253	41.778996	-87.665476
1066258	41.88742436	-87.75042738
1066296	41.783224	-87.613615
1066299	41.804498	-87.726193
1066313	41.74902879	-87.55011568
1066314	41.89640151	-87.71147215
1066317	41.722888	-87.632155
1066327	41.739822	-87.545371
1066332	41.81603	-87.628034
1066333	41.868184	-87.709158
1066340	41.68388807	-87.62838254
1066369	41.88742436	-87.75042738
1066370	41.7867717	-87.64982436
1066371	41.721608	-87.537302
1066374	41.779465	-87.664221
1066376	41.860311	-87.734947
1066390	41.732943	-87.640693
1066395	41.885757	-87.766709
1066412	41.78830973	-87.62320109
1066413	41.75163055	-87.57530629
1066430	41.889904	-87.721035
1066439	41.69698039	-87.70830784
1066476	41.890006	-87.632323
1066503	41.868976	-87.686102
1066507	41.803386	-87.646753
1066509	41.75216	-87.563814
1066519	41.671075	-87.644371
1066521	41.790362	-87.657543
1066526	41.867629	-87.698376
1066527	41.748169	-87.671001
1066530	41.799324	-87.632176
1066535	41.905244	-87.746714
1066542	41.788214	-87.604549
1066561	41.679804	-87.626344
1066604	41.91382331	-87.70038024
1066619	41.758321	-87.619926
1066622	41.750357	-87.663437
1066624	41.879645	-87.735443
1066625	41.78643	-87.662448
1066628	41.775589	-87.644951
1066656	41.721686	-87.629893
1066665	41.68538	-87.617425
1066678	41.725097	-87.60182
1066696	41.752304	-87.644085
1066701	41.864525	-87.709877
1066709	41.75066	-87.642822
1066716	41.895161	-87.750804
1066722	41.752304	-87.644085
1066732	41.76262402	-87.59010601
1066744	41.82833689	-87.69731896
1066751	41.765057	-87.62909
1066754	41.773046	-87.647835
1066793	41.677611	-87.656519
1066838	41.76184831	-87.61283614
1066840	41.87174009	-87.7168155
1066841	41.672224	-87.641268
1066851	41.867253	-87.714842
1066857	41.90845297	-87.77055367
1066865	41.783364	-87.623788
1066871	41.866224	-87.705664
1066880	41.68946425	-87.65604262
1066897	41.999316	-87.671025
1066913	41.864712	-87.714489
1066923	41.86624	-87.720123
1066931	41.75588353	-87.55461559
1066938	41.890507	-87.74565
1066945	41.88443	-87.755423
1066994	41.888139	-87.752905
1067024	41.87914	-87.7258
1067027	41.722434	-87.570446
1067040	41.91856	-87.764709
1067064	41.75163055	-87.57530629
1067084	41.86106232	-87.71175333
1067091	41.778989	-87.708784
1067100	41.749252	-87.599386
1067101	41.76321757	-87.65890686
1067105	41.93480061	-87.79406541
1067114	41.91856	-87.764709
1067139	41.900873	-87.662935
1067162	41.78845	-87.652481
1067164	41.879673	-87.63575
1067184	41.763485	-87.645214
1067185	NA	NA
1067188	41.88742436	-87.75042738
1067215	41.889986	-87.633749
1067225	41.690479	-87.621274
1067228	41.89508812	-87.73592296
1067238	41.69547032	-87.63871376
1067240	41.780261	-87.614411
1067241	41.75253809	-87.641663
1067246	41.798239	-87.747131
1067247	41.762688	-87.653107
1067261	41.793952	-87.632097
1067271	41.891979	-87.68144
1067300	41.678735	-87.672556
1067324	41.85617766	-87.72000579
1067362	41.856856	-87.71949
1067364	41.887046	-87.758762
1067387	41.72122	-87.73222
1067392	41.830636	-87.623783
1067394	42.021175	-87.673145
1067407	41.698911	-87.682863
1067409	NA	NA
1067419	41.921626	-87.784917
1067425	41.792794	-87.633691
1067437	41.904202	-87.716795
1067439	41.870136	-87.743985
1067462	41.744622	-87.553975
1067466	41.787067	-87.642534
1067473	41.743947	-87.606336
1067478	41.756119	-87.590858
1067510	41.77415301	-87.6543582
1067514	41.883362	-87.725746
1067539	41.88485404	-87.73069414
1067545	41.716675	-87.604797
1067557	41.87727	-87.725649
1067566	41.769939	-87.664276
1067568	41.889793	-87.744628
1067573	41.67975	-87.623106
1067575	41.710602	-87.626286
1067605	41.913512	-87.744965
1067615	41.696143	-87.630401
1067616	NA	NA
1067618	41.773151	-87.573125
1067636	41.87144615	-87.73881348
1067665	41.794026	-87.689955
1067669	41.746595	-87.603834
1067671	41.777662	-87.644434
1067689	41.767236	-87.576328
1067694	41.89508812	-87.73592296
1067695	41.722733	-87.553846
1067711	41.7693714	-87.61830029
1067713	NA	NA
1067715	41.91856	-87.764709
1067716	41.769221	-87.584995
1067724	41.751422	-87.651338
1067736	41.752304	-87.644085
1067748	41.866033	-87.734965
1067752	41.907732	-87.752223
1067755	41.849804	-87.71032819
1067757	41.771924	-87.665376
1067782	41.768861	-87.643089
1067803	41.865386	-87.704738
1067813	41.90454	-87.721713
1067824	41.873699	-87.704716
1067825	42.002415	-87.680282
1067831	41.873357	-87.735219
1067840	41.769316	-87.569396
1067841	41.886207	-87.759899
1067850	41.889673	-87.754425
1067870	41.892995	-87.671176
1067874	41.867445	-87.698724
1067892	41.736461	-87.659697
1067903	41.873094	-87.694593
1067912	41.752304	-87.644085
1067916	41.707101	-87.628295
1067936	41.749705	-87.607153
1067942	41.907714	-87.645882
1067944	41.685346	-87.620804
1067952	41.766833	-87.605623
1067963	41.775062	-87.6429
1067966	41.769874	-87.637268
1067968	41.769684	-87.619844
1067973	41.766833	-87.605623
1067982	41.837504	-87.646622
1067997	41.872152	-87.698654
1067999	41.872181	-87.696349
1068001	41.816162	-87.702583
1068035	41.798889	-87.588623
1068036	41.91856	-87.764709
1068038	41.767994	-87.574895
1068052	41.862838	-87.730724
1068060	41.783305	-87.613625
1068066	NA	NA
1068086	41.794899	-87.686091
1068102	41.763912	-87.565526
1068108	41.752356	-87.612055
1068110	41.88742436	-87.75042738
1068119	41.752248	-87.658634
1068131	41.69547032	-87.63871376
1068149	41.66864653	-87.54054536
1068151	41.895081	-87.719977
1068169	41.756048	-87.655352
1068184	41.909501	-87.755796
1068191	41.813102	-87.633785
1068230	41.73444388	-87.55868965
1068238	41.753484	-87.668718
1068241	41.799072	-87.66673
1068250	41.772823	-87.673728
1068265	41.97519612	-87.77779123
1068270	NA	NA
1068285	41.692827	-87.605031
1068295	NA	NA
1068300	41.759669	-87.649126
1068326	41.78044692	-87.68593081
1068332	41.712439	-87.628688
1068337	41.785746	-87.613276
1068338	41.878394	-87.749342
1068355	NA	NA
1068366	41.801868	-87.629676
1068368	41.779651	-87.660835
1068379	41.734653	-87.55314
1068384	41.881897	-87.72082
1068409	42.014885	-87.672444
1068413	41.788388	-87.687194
1068418	41.896461	-87.723141
1068427	41.998001	-87.680315
1068437	41.78698767	-87.63779307
1068470	41.892542	-87.706083
1068475	41.872794	-87.718286
1068481	41.87727	-87.725649
1068482	41.879779	-87.768181
1068493	41.86339608	-87.72757055
1068499	41.66864653	-87.54054536
1068504	41.87144615	-87.73881348
1068508	41.747469	-87.614435
1068540	41.871195	-87.709704
1068545	41.784033	-87.607265
1068547	41.779651	-87.660835
1068550	41.72759486	-87.61078625
1068553	41.880189	-87.768456
1068564	41.879063	-87.710576
1068573	41.76968	-87.574286
1068575	41.802317	-87.723424
1068577	41.87152784	-87.70599877
1068584	41.803018	-87.662391
1068588	41.872004	-87.72651
1068591	41.775323	-87.654385
1068603	41.749244	-87.559197
1068607	41.68946425	-87.65604262
1068620	41.726325	-87.599998
1068632	41.66864653	-87.54054536
1068641	41.651723	-87.547549
1068655	41.762638	-87.651172
1068657	41.840547	-87.711274
1068671	41.885606	-87.758146
1068708	41.651842	-87.538669
1068714	41.714735	-87.537689
1068731	41.89814353	-87.72128663
1068744	41.7693714	-87.61830029
1068771	41.766098	-87.582447
1068776	41.879458	-87.72186
1068785	41.75865	-87.61359
1068818	41.882653	-87.747032
1068820	42.183777	-88.330285
1068865	41.737091	-87.605867
1068874	41.885696	-87.750363
1068880	41.74768	-87.659254
1068889	41.801828	-87.630708
1068897	41.860463	-87.726471
1068926	41.735901	-87.65555
1068927	41.752304	-87.644085
1068949	41.892561	-87.748173
1068981	41.723648	-87.609676
1068987	41.87052	-87.729176
1068992	41.80509186	-87.65515771
1069018	41.880738	-87.743008
1069020	41.680836	-87.632697
1069025	41.692827	-87.605031
1069037	41.752304	-87.644085
1069047	41.6714287	-87.60954144
1069073	41.89508812	-87.73592296
1069082	41.69698039	-87.70830784
1069089	41.762863	-87.613983
1069105	41.753131	-87.603405
1069108	41.882442	-87.747798
1069117	41.901225	-87.734867
1069142	41.76361378	-87.63004905
1069163	41.768622	-87.659066
1069165	41.849804	-87.71032819
1069169	41.841838	-87.729633
1069175	41.692969	-87.635459
1069200	41.808074	-87.707659
1069203	41.988775	-87.787626
1069207	41.867137	-87.698571
1069212	41.878861	-87.715828
1069214	41.750917	-87.634414
1069222	41.755802	-87.641994
1069225	41.770788	-87.647755
1069241	41.851765	-87.705255
1069262	41.88447877	-87.71161752
1069275	41.751338	-87.600338
1069297	41.753446	-87.560299
1069328	41.900528	-87.757209
1069337	41.876699	-87.73007
1069358	NA	NA
1069360	41.93542523	-87.72832964
1069387	41.890104	-87.760646
1069417	NA	NA
1069421	41.911051	-87.777799
1069424	41.77386539	-87.67388971
1069437	41.73846932	-87.61229306
1069469	41.879549	-87.744668
1069483	41.763795	-87.649546
1069498	41.87402207	-87.75970821
1069515	41.805933	-87.660772
1069520	41.752324	-87.608391
1069521	41.830881	-87.636193
1069535	41.779608	-87.654502
1069545	41.892941	-87.632712
1069582	41.723731	-87.607241
1069583	41.659163	-87.561043
1069584	41.776437	-87.64972
1069608	41.74902879	-87.55011568
1069640	41.719375	-87.556341
1069643	41.754585	-87.648053
1069670	41.84889	-87.731302
1069676	41.81585517	-87.669733
1069685	41.88605	-87.70627
1069700	41.85636	-87.708405
1069704	41.75234012	-87.65620325
1069705	NA	NA
1069707	41.71469287	-87.60909886
1069708	41.705602	-87.701644
1069711	41.874731	-87.705945
1069717	41.806701	-87.633561
1069727	41.90596	-87.754921
1069734	41.740355	-87.601291
1069737	41.862247	-87.718944
1069760	41.747381	-87.601766
1069761	41.75253	-87.582112
1069763	41.876986	-87.745279
1069766	41.75409358	-87.60568904
1069767	41.790082	-87.670836
1069773	41.939456	-87.688828
1069777	41.74639095	-87.61023945
1069796	41.688673	-87.623312
1069797	41.73473	-87.553146
1069798	41.707788	-87.567181
1069803	41.889861	-87.754431
1069817	41.74931	-87.601491
1069822	41.682228	-87.644186
1069825	41.88447877	-87.71161752
1069838	41.721006	-87.628233
1069841	41.750926	-87.625824
1069858	41.931491	-87.719859
1069863	41.892414	-87.713254
1069864	41.885699	-87.641313
1069870	41.695535	-87.618578
1069891	41.89770165	-87.7507719
1069903	41.882793	-87.728181
1069919	41.799546	-87.661307
1069927	41.750992	-87.603049
1069928	41.85617766	-87.72000579
1069940	41.76968445	-87.58373152
1069943	41.765203	-87.644413
1069944	41.858793	-87.720379
1069970	41.85636	-87.708405
1069983	41.779651	-87.660835
1069993	41.760932	-87.659679
1069999	41.78041	-87.60593
1070002	41.691694	-87.668627
1070015	41.864116	-87.718816
1070024	41.7178	-87.531643
1070039	41.768017	-87.572681
1070049	41.850189	-87.678661
1070067	42.001713	-87.665622
1070070	41.727075	-87.652245
1070080	41.798707	-87.674819
1070088	NA	NA
1070098	41.788121	-87.657927
1070127	41.873699	-87.704716
1070130	41.7797964	-87.70810192
1070140	41.878561	-87.729387
1070154	41.907288	-87.647583
1070157	41.743144	-87.644169
1070196	41.711725	-87.603383
1070197	41.784251	-87.632723
1070221	41.70383117	-87.61100951
1070232	41.759889	-87.648684
1070248	41.77231	-87.638718
1070258	41.780953	-87.637578
1070270	41.772367	-87.607192
1070287	41.786851	-87.657114
1070306	41.86106232	-87.71175333
1070316	41.87402207	-87.75970821
1070321	41.83171232	-87.67125976
1070325	41.75234012	-87.65620325
1070328	41.88369193	-87.67915731
1070345	41.758764	-87.586136
1070353	41.751691	-87.548288
1070365	41.750402	-87.660206
1070378	41.79762476	-87.65496442
1070383	41.879779	-87.768181
1070387	41.866663	-87.728294
1070413	41.72838895	-87.67136168
1070420	NA	NA
1070423	41.78078932	-87.59384811
1070426	41.973514	-87.65774
1070427	41.85576982	-87.67540491
1070478	41.932854	-87.800164
1070501	41.86106232	-87.71175333
1070515	41.902141	-87.773048
1070550	41.878228	-87.745771
1070554	41.729317	-87.607071
1070557	41.882721	-87.641798
1070577	41.87127407	-87.6935472
1070580	41.876509	-87.745356
1070596	41.875903	-87.745101
1070617	41.702008	-87.622458
1070630	41.885091	-87.711131
1070638	41.692389	-87.639528
1070648	41.6714287	-87.60954144
1070668	41.903773	-87.639506
1070671	41.883209	-87.632106
1070673	41.907676	-87.685447
1070679	41.762285	-87.600568
1070680	41.752455	-87.644089
1070683	41.760476	-87.577617
1070691	41.894994	-87.715079
1070692	41.7693714	-87.61830029
1070712	41.766833	-87.605623
1070719	41.91184	-87.781026
1070723	41.708945	-87.627161
1070728	41.657303	-87.599404
1070744	41.765837	-87.662627
1070751	41.76338157	-87.64921803
1070761	42.01260742	-87.67882377
1070776	41.763061	-87.667677
1070784	41.873699	-87.704716
1070789	41.692477	-87.632178
1070793	41.871917	-87.71892
1070800	41.803651	-87.743376
1070802	41.790522	-87.665251
1070811	41.703757	-87.607354
1070812	41.679879	-87.620569
1070815	41.782113	-87.612652
1070829	41.75409358	-87.60568904
1070833	41.755802	-87.641994
1070841	41.75253809	-87.641663
1070858	41.83704371	-87.71117923
1070859	NA	NA
1070867	41.69642225	-87.6138377
1070880	41.77901233	-87.57797961
1070900	41.944	-87.649712
1070901	41.732189	-87.662961
1070907	41.890006	-87.632323
1070925	41.849435	-87.732502
1070929	41.89640151	-87.71147215
1070931	41.768238	-87.689281
1070941	41.86288	-87.731958
1070958	41.789659	-87.672038
1070963	41.742535	-87.563983
1070985	41.67822115	-87.64913797
1071004	41.91856	-87.764709
1071007	41.882181	-87.741793
1071022	41.779627	-87.653346
1071032	41.876538	-87.764725
1071050	NA	NA
1071057	41.838542	-87.730812
1071074	41.739463	-87.650041
1071105	41.718021	-87.628577
1071109	41.797401	-87.649251
1071117	41.685833	-87.613171
1071125	41.993292	-87.782422
1071126	41.774295	-87.644644
1071141	41.866722	-87.70225
1071149	41.74902879	-87.55011568
1071160	41.68921191	-87.61100737
1071163	41.899539	-87.727593
1071173	41.696406	-87.630808
1071184	41.889986	-87.633749
1071195	41.77261	-87.636236
1071213	41.750076	-87.661543
1071223	41.9544	-87.709635
1071235	41.871062	-87.696026
1071245	41.779651	-87.660835
1071249	41.768384	-87.654513
1071280	41.790236	-87.659945
1071282	41.681887	-87.62027
1071290	41.920335	-87.774378
1071291	41.747175	-87.644709
1071292	41.772408	-87.587979
1071300	41.86951	-87.724004
1071303	41.880856	-87.715894
1071320	41.860879	-87.709167
1071324	41.883063	-87.750519
1071330	41.769717	-87.584437
1071337	41.923827	-87.775716
1071340	41.789368	-87.651879
1071344	41.685412	-87.614374
1071358	41.808559	-87.689527
1071388	41.89770165	-87.7507719
1071397	41.934661	-87.751632
1071402	41.733073	-87.549941
1071407	41.816431	-87.684091
1071435	NA	NA
1071446	41.898592	-87.720753
1071464	41.945355	-87.736213
1071465	41.966048	-87.728164
1071468	41.765086	-87.661539
1071474	41.707101	-87.628295
1071475	41.845117	-87.726196
1071477	41.752304	-87.644085
1071490	41.882491	-87.70791
1071493	NA	NA
1071517	41.707788	-87.567181
1071518	41.894918	-87.772394
1071529	41.719481	-87.596727
1071531	41.748663	-87.602683
1071570	41.747515	-87.611793
1071577	41.748403	-87.612714
1071592	41.782373	-87.662084
1071598	41.938584	-87.765739
1071600	41.682742	-87.651438
1071615	41.934692	-87.783377
1071621	41.769806	-87.683629
1071661	41.883551	-87.754139
1071672	41.753486	-87.565053
1071681	41.738734	-87.556315
1071698	41.74639095	-87.61023945
1071700	41.70385	-87.565746
1071711	41.692321	-87.658868
1071725	41.85636	-87.708405
1071727	41.87314	-87.694168
1071746	41.751333	-87.600828
1071755	NA	NA
1071758	41.835222	-87.683264
1071759	NA	NA
1071769	41.838472	-87.6135
1071811	41.73846932	-87.61229306
1071820	41.777141	-87.687512
1071826	41.83974052	-87.65459017
1071833	41.734597	-87.54577
1071853	41.709858	-87.629789
1071854	41.791971	-87.664773
1071869	41.707688	-87.627405
1071871	41.77431599	-87.64459275
1071875	41.893171	-87.754576
1071901	41.717543	-87.59495
1071908	41.819131	-87.631269
1071909	41.890441	-87.722979
1071939	41.769071	-87.671904
1071953	41.768203	-87.664196
1071960	NA	NA
1071999	41.873699	-87.704716
1072013	41.87950437	-87.73053756
1072025	41.909938	-87.73688
1072040	41.773035	-87.611836
1072047	41.692373	-87.621263
1072055	41.654768	-87.610159
1072064	41.8867263	-87.76019562
1072065	NA	NA
1072068	41.990657	-87.693672
1072069	41.755735	-87.612121
1072092	41.724649	-87.626593
1072112	41.72759486	-87.61078625
1072114	41.766833	-87.605623
1072117	41.893357	-87.638962
1072118	41.779776	-87.643023
1072127	41.769319	-87.671407
1072131	41.750357	-87.663437
1072132	41.910091	-87.768146
1072147	41.866199	-87.723201
1072148	41.866203	-87.722921
1072171	41.895109	-87.712702
1072196	41.76184831	-87.61283614
1072197	NA	NA
1072218	41.69642225	-87.6138377
1072224	41.670526	-87.655825
1072227	41.742701	-87.663433
1072236	41.898156	-87.719548
1072237	41.773519	-87.643329
1072244	NA	NA
1072264	41.927934	-87.737275
1072282	41.78044692	-87.68593081
1072283	41.706162	-87.630631
1072293	41.777865	-87.684261
1072306	41.692827	-87.605031
1072311	41.876569	-87.634012
1072314	41.70995	-87.620073
1072344	41.65187735	-87.60088448
1072347	41.8588604	-87.69121774
1072352	41.726833	-87.603832
1072366	41.912862	-87.663304
1072373	41.779547	-87.669248
1072390	41.71460317	-87.56284277
1072394	41.878414	-87.660556
1072404	41.716015	-87.550345
1072447	41.692827	-87.605031
1072453	41.846611	-87.69687
1072461	41.702443	-87.611503
1072482	41.893034	-87.635612
1072491	41.749247	-87.581106
1072497	41.743753	-87.602958
1072498	41.751286	-87.605215
1072526	41.86578	-87.72484
1072527	41.77415301	-87.6543582
1072532	41.74142855	-87.6510627
1072550	41.897323	-87.750989
1072558	41.873699	-87.704716
1072565	41.88475958	-87.69637533
1072569	41.745808	-87.604071
1072589	41.83381608	-87.72893896
1072590	41.837504	-87.646622
1072596	41.904584	-87.729254
1072600	41.879926	-87.726967
1072601	NA	NA
1072614	41.75276722	-87.62467123
1072618	41.851589	-87.729617
1072631	41.751915	-87.552585
1072644	NA	NA
1072651	41.76244	-87.65737
1072666	41.692827	-87.605031
1072667	41.707788	-87.567181
1072679	41.924455	-87.751001
1072687	41.765362	-87.611894
1072690	41.884915	-87.726938
1072700	41.894819	-87.767827
1072711	41.70698	-87.637977
1072721	41.879866	-87.647008
1072746	41.883839	-87.709196
1072750	41.895268	-87.743632
1072753	41.747203	-87.611472
1072789	41.836252	-87.719729
1072801	41.934323	-87.756286
1072804	41.89640151	-87.71147215
1072812	41.938743	-87.766713
1072858	41.797657	-87.633962
1072869	41.879762	-87.725637
1072886	41.73444388	-87.55868965
1072907	41.76834971	-87.68350726
1072910	41.898037	-87.727545
1072913	41.705396	-87.619968
1072920	41.879779	-87.768181
1072946	41.739682	-87.644937
1072959	41.858466	-87.71422
1072973	41.77386539	-87.67388971
1072978	41.901837	-87.758479
1072981	41.861799	-87.710413
1072982	41.722917	-87.607709
1073010	41.751907	-87.676827
1073011	41.828672	-87.685286
1073015	41.68388807	-87.62838254
1073024	41.756288	-87.63225
1073027	41.73696	-87.54407
1073047	41.770771	-87.6207
1073052	41.779651	-87.660835
1073070	41.78300274	-87.67169559
1073095	41.769345	-87.590003
1073116	41.75409358	-87.60568904
1073117	41.895635	-87.631223
1073130	41.79627	-87.667374
1073133	41.765148	-87.685228
1073135	41.889471	-87.754947
1073141	41.779608	-87.654502
1073151	41.758533	-87.622574
1073158	41.88367	-87.733299
1073179	41.75234012	-87.65620325
1073180	41.888695	-87.629567
1073190	41.76431173	-87.563591
1073201	41.93249	-87.764104
1073208	41.692827	-87.605031
1073215	41.77431599	-87.64459275
1073222	NA	NA
1073237	41.898116	-87.720234
1073239	41.897299	-87.720205
1073242	41.706807	-87.635553
1073243	41.759852	-87.645106
1073252	41.872456	-87.728006
1073257	NA	NA
1073260	NA	NA
1073262	41.75951	-87.645688
1073278	41.873565	-87.699996
1073298	41.925189	-87.702574
1073299	41.717905	-87.628878
1073304	41.97519612	-87.77779123
1073322	41.901533	-87.748748
1073326	41.750766	-87.635449
1073330	41.837504	-87.646622
1073334	41.88074	-87.75272
1073337	41.779651	-87.660835
1073364	41.704884	-87.602948
1073369	41.798337	-87.650876
1073375	41.782584	-87.684124
1073410	41.953411	-87.733684
1073412	41.822702	-87.689554
1073414	41.982899	-87.787735
1073415	41.87727	-87.725649
1073431	41.903843	-87.726389
1073443	41.716675	-87.604797
1073450	41.85636	-87.708405
1073463	41.87160344	-87.7278045
1073471	41.86106232	-87.71175333
1073501	41.752304	-87.644085
1073502	41.672587	-87.620184
1073507	41.75031	-87.667079
1073510	41.692853	-87.620523
1073518	41.772118	-87.664019
1073521	41.776484	-87.636994
1073533	41.702531	-87.563226
1073535	41.755869	-87.603148
1073538	41.77722	-87.680531
1073542	41.875126	-87.748416
1073544	41.777821	-87.637476
1073546	41.879779	-87.768181
1073573	NA	NA
1073576	41.750396	-87.644406
1073604	41.979539	-87.693014
1073609	41.761747	-87.566681
1073613	41.87864661	-87.70306431
1073618	41.797327	-87.795642
1073630	41.836482	-87.638232
1073636	41.766833	-87.605623
1073673	41.935513	-87.697948
1073688	41.954603	-87.705594
1073695	41.89508812	-87.73592296
1073702	41.909623	-87.746303
1073706	41.711296	-87.568182
1073711	41.875903	-87.745101
1073716	41.75230412	-87.67079071
1073721	41.873699	-87.704716
1073728	41.668039	-87.622915
1073738	41.75253809	-87.641663
1073744	41.66659576	-87.63352945
1073774	41.733622	-87.603534
1073788	41.973395	-87.765237
1073808	41.856582	-87.729773
1073819	41.776801	-87.614104
1073820	41.746129	-87.566419
1073830	41.75234012	-87.65620325
1073831	NA	NA
1073833	41.88026	-87.763739
1073844	41.79762476	-87.65496442
1073845	41.91856	-87.764709
1073850	41.86106232	-87.71175333
1073862	41.68388807	-87.62838254
1073867	41.707849	-87.629014
1073875	41.707788	-87.567181
1073884	41.879779	-87.768181
1073899	41.747241	-87.561567
1073904	NA	NA
1073918	41.88485404	-87.73069414
1073924	41.7867717	-87.64982436
1073949	41.731323	-87.613342
1073956	41.90746383	-87.63744904
1073972	42.003447	-87.816881
1073978	41.67956319	-87.5744617
1073987	41.920894	-87.697298
1073998	41.871321	-87.723512
1074011	41.902004	-87.774913
1074020	41.781266	-87.645124
1074033	41.895467	-87.715724
1074043	41.93542523	-87.72832964
1074044	41.764921	-87.662878
1074054	41.89649882	-87.63120525
1074055	41.721367	-87.627774
1074080	41.886516	-87.756514
1074090	41.881592	-87.70799
1074093	41.801459	-87.654359
1074094	41.77431599	-87.64459275
1074105	41.758382	-87.616531
1074127	41.702683	-87.607588
1074129	41.998537	-87.680413
1074138	41.818452	-87.632143
1074145	41.88531844	-87.72096934
1074201	41.756998	-87.565434
1074207	41.692322	-87.672729
1074209	41.7867717	-87.64982436
1074223	41.903251	-87.643574
1074231	41.822618	-87.695011
1074250	41.692214	-87.631187
1074266	41.67822115	-87.64913797
1074285	41.770771	-87.6207
1074298	41.93542523	-87.72832964
1074303	41.730175	-87.607091
1074328	41.688755	-87.628096
1074335	41.873699	-87.704716
1074349	41.749848	-87.560428
1074354	41.707788	-87.567181
1074361	41.880818	-87.71868
1074369	41.89770165	-87.7507719
1074371	41.760697	-87.576182
1074372	NA	NA
1074375	41.686611	-87.647403
1074442	41.727201	-87.6096
1074447	41.890002	-87.632634
1074457	41.71469287	-87.60909886
1074460	41.89640151	-87.71147215
1074478	41.75253809	-87.641663
1074483	41.794811	-87.63356
1074494	41.8805324	-87.64155398
1074498	41.925424	-87.66678
1074518	41.879645	-87.735443
1074521	41.801459	-87.654359
1074526	41.744378	-87.649579
1074527	41.995277	-87.662567
1074529	41.888931	-87.71929
1074541	41.779651	-87.660835
1074574	41.754368	-87.676444
1074576	41.751369	-87.597222
1074578	41.69642225	-87.6138377
1074579	41.738669	-87.66754
1074589	41.750231	-87.673134
1074610	41.754368	-87.676444
1074621	41.789265	-87.656227
1074632	41.76834971	-87.68350726
1074635	41.737372	-87.604843
1074650	41.881243	-87.705254
1074669	41.73846932	-87.61229306
1074685	41.752304	-87.644085
1074705	41.822618	-87.695011
1074711	41.739463	-87.647615
1074741	41.69642225	-87.6138377
1074752	41.76338157	-87.64921803
1074758	41.781494	-87.64801
1074765	41.774012	-87.6461
1074767	41.878823	-87.740553
1074772	41.779367	-87.670284
1074818	41.895473	-87.715018
1074822	41.872181	-87.696349
1074876	41.909424	-87.76177
1074896	41.757446	-87.608149
1074907	41.879779	-87.768181
1074915	41.767296	-87.575448
1074921	41.928478	-87.73673
1074926	41.74322013	-87.72285585
1074947	41.77386539	-87.67388971
1074964	41.768997	-87.66836
1074973	41.740915	-87.639227
1074974	41.853838	-87.709276
1074976	41.66659576	-87.63352945
1074981	41.743017	-87.652577
1074982	41.736112	-87.661322
1075017	41.69138	-87.701124
1075032	41.930347	-87.797417
1075047	41.691694	-87.668627
1075053	41.896947	-87.628486
1075063	41.803372	-87.633458
1075078	41.697958	-87.617511
1075104	41.91856	-87.764709
1075106	41.873699	-87.704716
1075110	41.692827	-87.605031
1075127	41.777521	-87.612804
1075143	41.85949706	-87.70208753
1075150	41.816942	-87.6315
1075163	41.749137	-87.600274
1075179	41.772342	-87.66201
1075184	41.843499	-87.695897
1075196	41.92812262	-87.72810293
1075206	41.661138	-87.642149
1075211	41.670395	-87.641165
1075219	41.670599	-87.635659
1075226	41.703041	-87.619252
1075239	41.872828	-87.700985
1075244	41.895518	-87.710198
1075252	41.88369193	-87.67915731
1075256	42.010878	-87.670137
1075274	41.69642225	-87.6138377
1075287	41.692827	-87.605031
1075298	41.830373	-87.646484
1075300	NA	NA
1075306	NA	NA
1075311	41.884145	-87.73144
1075324	41.78285867	-87.60901141
1075341	41.895483	-87.713873
1075360	41.920894	-87.697298
1075363	41.75051	-87.592541
1075371	41.68731	-87.664606
1075396	41.898701	-87.712918
1075416	42.01260742	-87.67882377
1075417	41.973674	-87.766524
1075428	41.811893	-87.64075
1075445	41.910906	-87.773051
1075458	41.707351	-87.611329
1075462	41.881672	-87.719787
1075468	41.756007	-87.635876
1075479	41.868763	-87.71062
1075485	41.744729	-87.647063
1075499	41.750488	-87.610061
1075511	41.858093	-87.627502
1075520	41.721946	-87.585659
1075547	41.858879	-87.723718
1075589	41.744557	-87.558832
1075593	41.775543	-87.664394
1075602	41.92364815	-87.79097483
1075617	41.799426	-87.599427
1075631	41.94603194	-87.75446109
1075635	41.872047	-87.68059
1075641	41.895801	-87.639281
1075658	41.849804	-87.71032819
1075663	41.871903	-87.715622
1075666	41.89770165	-87.7507719
1075688	41.773056	-87.610629
1075706	41.9451735	-87.83043741
1075715	41.772911	-87.618673
1075718	41.877859	-87.747575
1075725	41.860279	-87.709149
1075750	41.68388807	-87.62838254
1075756	41.813382	-87.704182
1075771	41.752304	-87.644085
1075777	41.867138	-87.720148
1075806	41.863227	-87.704517
1075808	41.879883	-87.731301
1075813	41.853092	-87.725481
1075815	41.85601854	-87.73222097
1075823	41.871903	-87.715622
1075825	41.96387978	-87.81679514
1075826	41.86339608	-87.72757055
1075844	41.947221	-87.655763
1075850	41.833679	-87.685486
1075864	41.773978	-87.642975
1075870	41.868184	-87.709158
1075901	41.942868	-87.759975
1075917	41.743332	-87.723314
1075926	41.66864653	-87.54054536
1075943	41.88225812	-87.74043731
1075960	41.752131	-87.584054
1075965	41.77901233	-87.57797961
1076007	41.76931	-87.645261
1076014	41.886269	-87.628753
1076026	41.66659576	-87.63352945
1076029	41.747147	-87.669639
1076037	41.878374	-87.742468
1076051	41.753593	-87.652853
1076082	41.78698767	-87.63779307
1076100	41.801582	-87.645673
1076119	41.844363	-87.716277
1076148	41.85617766	-87.72000579
1076161	41.685234	-87.630089
1076223	41.722815	-87.575801
1076239	41.88485404	-87.73069414
1076245	41.793674	-87.663415
1076246	41.878858	-87.744095
1076250	41.65187735	-87.60088448
1076257	41.784065	-87.605635
1076267	41.8157	-87.694735
1076274	41.692827	-87.605031
1076294	41.75409358	-87.60568904
1076303	41.821555	-87.61849
1076310	41.889555	-87.723647
1076328	41.950316	-87.700581
1076341	41.923657	-87.788024
1076420	41.923954	-87.722735
1076426	41.687188	-87.659481
1076434	41.788505	-87.655079
1076442	41.867967	-87.701787
1076459	41.896381	-87.648813
1076483	41.743872	-87.703677
1076484	41.87950437	-87.73053756
1076490	41.75234012	-87.65620325
1076502	41.71469287	-87.60909886
1076510	41.87864661	-87.70306431
1076548	41.76306238	-87.67122688
1076553	41.693522	-87.538
1076577	41.747318	-87.602643
1076582	41.74902879	-87.55011568
1076599	41.903378	-87.679233
1076657	41.940211	-87.649034
1076663	41.794553	-87.665443
1076665	41.867524	-87.714755
1076680	41.707788	-87.567181
1076687	41.89737	-87.715337
1076695	41.895185	-87.713536
1076696	41.844373	-87.72828
1076699	41.746658	-87.601415
1076704	41.76968445	-87.58373152
1076707	41.924238	-87.746353
1076716	41.766833	-87.605623
1076729	41.756619	-87.587279
1076737	41.768878	-87.642056
1076738	41.92084	-87.775747
1076765	41.872047	-87.68059
1076784	41.77431599	-87.64459275
1076808	41.87378564	-87.74992639
1076849	41.874359	-87.725444
1076882	41.78663501	-87.65953826
1076914	41.692322	-87.672729
